1   8.9072e+24
3.5015   3.26169e+24
6.003   2.49994e+24
8.5045   2.35091e+24
11.006   2.32705e+24
13.5075   2.35315e+24
16.009   2.37455e+24
18.5105   2.39598e+24
21.012   2.3857e+24
23.5135   2.35581e+24
26.015   2.29216e+24
28.5165   2.20657e+24
31.018   2.09285e+24
33.5195   1.9655e+24
36.021   1.81994e+24
38.5225   1.67193e+24
41.024   1.52012e+24
43.5255   1.37554e+24
46.027   1.23414e+24
48.5285   1.1062e+24
51.03   9.85519e+23
53.5315   8.79277e+23
56.033   7.80791e+23
58.5345   6.95133e+23
61.036   6.17534e+23
63.5375   5.51075e+23
66.039   4.90152e+23
68.5405   4.38731e+23
71.042   3.91506e+23
73.5435   3.52459e+23
76.045   3.15684e+23
78.5465   3.0211e+23
81.048   2.47484e+23
83.5495   2.24023e+23
86.0511   2.04697e+23
88.5526   1.85177e+23
91.0541   1.68918e+23
93.5556   1.53204e+23
96.0571   1.40084e+23
98.5586   1.27565e+23
101.06   1.17237e+23
103.562   1.07376e+23
106.063   9.98686e+22
108.565   9.37341e+22
111.066   7.91199e+22
113.568   7.54527e+22
116.069   6.94583e+22
118.571   6.48651e+22
121.072   5.98858e+22
123.574   5.59278e+22
126.075   5.16519e+22
128.577   4.85149e+22
131.078   4.51286e+22
133.58   4.57492e+22
136.081   3.76731e+22
138.583   3.53966e+22
141.084   3.36208e+22
143.586   3.13848e+22
146.087   2.97386e+22
148.589   2.77312e+22
151.09   2.65186e+22
153.592   2.56641e+22
156.093   2.17382e+22
158.595   2.13342e+22
161.096   2.00104e+22
163.598   1.91704e+22
166.099   1.80246e+22
168.601   1.73979e+22
171.102   1.69206e+22
173.604   1.43218e+22
176.105   1.40402e+22
178.607   1.34332e+22
181.108   1.29598e+22
183.61   1.22804e+22
186.111   1.29802e+22
188.613   1.06183e+22
191.114   1.01714e+22
193.616   9.87959e+21
196.117   9.37994e+21
198.619   9.15093e+21
201.12   9.01583e+21
203.622   7.60781e+21
206.123   7.66326e+21
208.625   7.29254e+21
211.126   7.17037e+21
213.628   7.09754e+21
216.129   6.00372e+21
218.631   6.06349e+21
221.132   5.77443e+21
223.634   5.73305e+21
226.135   5.69952e+21
228.637   4.79189e+21
231.138   4.86885e+21
233.64   4.65668e+21
236.141   4.60533e+21
238.643   4.59885e+21
241.144   3.87028e+21
243.646   3.98176e+21
246.147   3.83282e+21
248.649   4.17276e+21
251.15   3.39984e+21
253.652   3.29148e+21
256.153   3.31783e+21
258.655   3.3178e+21
261.156   2.78021e+21
263.658   2.88172e+21
266.159   2.77863e+21
268.661   3.07958e+21
271.162   2.47419e+21
273.664   2.41889e+21
276.165   2.44091e+21
278.667   2.4587e+21
281.168   2.05108e+21
283.67   2.13692e+21
286.171   2.07875e+21
288.673   2.31548e+21
291.174   1.86753e+21
293.676   1.83483e+21
296.177   2.07694e+21
298.679   1.66037e+21
301.18   1.63089e+21
303.682   1.66095e+21
306.183   1.69314e+21
308.685   1.4044e+21
311.186   1.49148e+21
313.688   1.52887e+21
316.189   1.26644e+21
318.691   1.3537e+21
321.192   1.38012e+21
323.694   1.14886e+21
326.195   1.22176e+21
328.697   1.25172e+21
331.198   1.04298e+21
333.7   1.11766e+21
336.201   1.14395e+21
338.703   9.48397e+20
341.204   1.02e+21
343.706   1.05042e+21
346.207   8.6285e+20
348.709   9.336e+20
351.21   9.61088e+20
353.712   7.91282e+20
356.213   8.54424e+20
358.715   8.82313e+20
361.216   7.30338e+20
363.718   7.86309e+20
366.219   8.17746e+20
368.721   7.1399e+20
371.222   8.34656e+20
373.724   6.57831e+20
376.225   6.58922e+20
378.727   7.72277e+20
381.228   6.11267e+20
383.73   6.5662e+20
386.231   5.4337e+20
388.733   5.89824e+20
391.234   6.1781e+20
393.736   5.14268e+20
396.237   6.34892e+20
398.739   4.98521e+20
401.24   5.0392e+20
403.742   5.95903e+20
406.243   4.78599e+20
408.745   5.12676e+20
411.246   4.17677e+20
413.748   5.32013e+20
416.249   4.16126e+20
418.751   4.18414e+20
421.252   5.00837e+20
423.754   4.10503e+20
426.255   4.32869e+20
428.757   3.5499e+20
431.258   4.50991e+20
433.76   3.5627e+20
436.261   3.82938e+20
438.763   3.18679e+20
441.264   4.04828e+20
443.766   3.15385e+20
446.267   3.48184e+20
448.769   2.8398e+20
451.27   3.14846e+20
453.772   2.86776e+20
456.273   2.90804e+20
458.775   2.60458e+20
461.276   2.89366e+20
463.778   2.62379e+20
466.279   2.89243e+20
468.781   2.35746e+20
471.282   3.1145e+20
473.784   2.4518e+20
476.285   2.68835e+20
478.787   2.20092e+20
481.288   2.87192e+20
483.79   2.25474e+20
486.291   2.47666e+20
488.793   2.02167e+20
491.294   2.63724e+20
493.796   2.07552e+20
496.297   2.26948e+20
498.799   1.99494e+20
501.3   1.80812e+20
503.802   2.37553e+20
506.303   1.8565e+20
508.805   2.04785e+20
511.306   1.65406e+20
513.808   2.20087e+20
516.309   2.06944e+20
518.811   1.66199e+20
521.312   1.83756e+20
523.814   1.48738e+20
526.315   1.99992e+20
528.817   1.86578e+20
531.318   1.48985e+20
533.82   1.65424e+20
536.321   1.34361e+20
538.823   1.83052e+20
541.324   1.74023e+20
543.826   1.35134e+20
546.327   1.50452e+20
548.829   1.36456e+20
551.33   1.17465e+20
553.832   1.60525e+20
556.333   1.50521e+20
558.835   1.17163e+20
561.336   1.33933e+20
563.838   1.08808e+20
566.339   1.02844e+20
568.841   1.4266e+20
571.342   1.34158e+20
573.844   1.04208e+20
576.345   1.19374e+20
578.847   1.09008e+20
581.348   9.17816e+19
583.85   1.30622e+20
586.351   1.2134e+20
588.853   9.59769e+19
591.354   1.10363e+20
593.856   1.04538e+20
596.357   9.46076e+19
598.859   8.14178e+19
601.36   1.14575e+20
603.862   1.06987e+20
606.363   1.0399e+20
608.865   7.98727e+19
611.366   9.49968e+19
613.868   8.40456e+19
616.369   8.14452e+19
618.871   6.97392e+19
621.372   9.93213e+19
623.874   9.58878e+19
626.375   9.08709e+19
628.877   6.92376e+19
631.378   6.75936e+19
633.88   8.11719e+19
636.381   7.15801e+19
638.883   6.96313e+19
641.384   5.92529e+19
643.886   5.73531e+19
646.387   8.4568e+19
648.889   7.97299e+19
651.39   7.67918e+19
653.892   7.39668e+19
656.393   5.72773e+19
658.895   6.92653e+19
661.396   6.74233e+19
663.898   6.13663e+19
666.399   5.79773e+19
668.901   5.63368e+19
671.402   4.80482e+19
673.904   4.64726e+19
676.405   7.05603e+19
678.907   6.92766e+19
681.408   6.78734e+19
683.91   6.37295e+19
686.411   6.23838e+19
688.913   5.92396e+19
691.414   5.80836e+19
693.916   5.67406e+19
696.417   4.35381e+19
698.919   4.24489e+19
701.42   4.17154e+19
703.922   5.20372e+19
706.423   5.09125e+19
708.925   5.00983e+19
711.426   4.89784e+19
713.928   4.42304e+19
716.429   4.35664e+19
718.931   4.28382e+19
721.432   4.21307e+19
723.934   4.15139e+19
726.435   4.03421e+19
728.937   3.98156e+19
731.438   3.90845e+19
733.94   3.84977e+19
736.441   3.79507e+19
738.943   3.75372e+19
741.444   3.70187e+19
743.946   3.67118e+19
746.447   3.62552e+19
748.949   3.62111e+19
751.45   3.56195e+19
753.952   3.51563e+19
756.453   3.48233e+19
758.955   3.74489e+19
761.456   3.6967e+19
763.958   2.79717e+19
766.459   3.67717e+19
768.961   3.63028e+19
771.462   3.63886e+19
773.964   3.63847e+19
776.465   3.61269e+19
778.967   3.58649e+19
781.468   3.56157e+19
783.97   3.5399e+19
786.471   3.72112e+19
788.973   2.11276e+19
791.474   2.60259e+19
793.976   2.62572e+19
796.477   2.61692e+19
798.979   2.61386e+19
801.48   2.6017e+19
803.982   2.89845e+19
806.483   3.00996e+19
808.985   3.00186e+19
811.486   2.99647e+19
813.988   2.95964e+19
816.489   2.97136e+19
818.991   2.24368e+19
821.492   2.25051e+19
823.994   2.24095e+19
826.495   2.21387e+19
828.997   2.57429e+19
831.498   2.67738e+19
834   2.64361e+19
836.502   2.61045e+19
839.003   1.91465e+19
841.505   2.01339e+19
844.006   1.99819e+19
846.508   1.98754e+19
849.009   2.4124e+19
851.511   2.41365e+19
854.012   2.40933e+19
856.514   1.62135e+19
859.015   1.82703e+19
861.517   1.82718e+19
864.018   2.55839e+19
866.52   2.21874e+19
869.021   2.234e+19
871.523   1.49165e+19
874.024   1.6761e+19
876.526   1.7075e+19
879.027   2.0303e+19
881.529   2.08411e+19
884.03   2.20451e+19
886.532   1.53703e+19
889.033   1.58923e+19
891.535   1.70905e+19
894.036   1.96215e+19
896.538   2.36181e+19
899.039   1.45379e+19
901.541   1.56126e+19
904.042   1.82315e+19
906.544   1.89256e+19
909.045   1.31543e+19
911.547   1.44144e+19
914.048   1.53147e+19
916.55   1.79445e+19
919.051   1.15826e+19
921.553   1.35223e+19
924.054   1.46487e+19
926.556   1.79458e+19
929.057   1.10765e+19
931.559   1.33502e+19
934.06   1.5943e+19
936.562   1.73126e+19
939.063   1.15836e+19
941.565   1.80511e+19
944.066   1.57024e+19
946.568   1.00988e+19
949.069   1.23642e+19
951.571   1.47187e+19
954.072   1.85746e+19
956.574   1.13868e+19
959.075   1.262e+19
961.577   1.80781e+19
964.078   1.0555e+19
966.58   1.21362e+19
969.081   1.5014e+19
971.583   1.02505e+19
974.084   1.17208e+19
976.586   1.6909e+19
979.087   1.02829e+19
981.589   1.15439e+19
984.09   1.65953e+19
986.592   1.00247e+19
989.093   1.29053e+19
991.595   8.18877e+18
994.096   1.47588e+19
996.598   1.32864e+19
999.099   9.0983e+18
1001.6   1.07071e+19
1004.1   1.5521e+19
1006.6   1.36812e+19
1009.11   1.27282e+19
1011.61   8.23926e+18
1014.11   1.03122e+19
1016.61   1.51916e+19
1019.11   1.35656e+19
1021.61   1.44018e+19
1024.11   8.77783e+18
1026.62   1.1949e+19
1029.12   7.79299e+18
1031.62   9.77129e+18
1034.12   7.18998e+18
1036.62   1.32147e+19
1039.12   1.43204e+19
1041.62   1.25807e+19
1044.13   1.38998e+19
1046.63   1.23543e+19
1049.13   1.36207e+19
1051.63   1.21667e+19
1054.13   1.33782e+19
1056.63   1.2044e+19
1059.14   1.32669e+19
1061.64   1.19461e+19
1064.14   1.32083e+19
1066.64   1.19178e+19
1069.14   1.31349e+19
1071.64   1.18056e+19
1074.14   1.30669e+19
1076.65   1.19217e+19
1079.15   6.88296e+18
1081.65   9.40189e+18
1084.15   7.15551e+18
1086.65   9.63565e+18
1089.15   1.09181e+19
1091.65   1.28655e+19
1094.16   1.18336e+19
1096.66   1.33583e+19
1099.16   9.54131e+18
1101.66   7.50248e+18
1104.16   1.17165e+19
1106.66   1.18264e+19
1109.17   1.3398e+19
1111.67   1.00361e+19
1114.17   1.12101e+19
1116.67   1.31836e+19
1119.17   1.26858e+19
1121.67   8.01789e+18
1124.17   1.22435e+19
1126.68   1.27774e+19
1129.18   8.16384e+18
1131.68   1.2522e+19
1134.18   1.31074e+19
1136.68   8.58601e+18
1139.18   1.2937e+19
1141.68   1.35953e+19
1144.19   1.23582e+19
1146.69   1.4769e+19
1149.19   1.15792e+19
1151.69   1.32229e+19
1154.19   9.93475e+18
1156.69   1.43468e+19
1159.2   1.52457e+19
1161.7   1.40997e+19
1164.2   1.6667e+19
1166.7   1.52435e+19
1169.2   1.64748e+19
1171.7   1.55084e+19
1174.2   1.27139e+19
1176.71   1.74817e+19
1179.21   1.57827e+19
1181.71   1.82451e+19
1184.21   1.8011e+19
1186.71   2.09836e+19
1189.21   2.03394e+19
1191.71   2.0581e+19
1194.22   2.25221e+19
1196.72   2.2679e+19
1199.22   2.30661e+19
1201.72   2.65844e+19
1204.22   2.66565e+19
1206.72   2.78236e+19
1209.23   2.78387e+19
1211.73   3.18409e+19
1214.23   3.38122e+19
1216.73   3.62097e+19
1219.23   3.90766e+19
1221.73   3.9577e+19
1224.23   4.81004e+19
1226.74   5.3067e+19
1229.24   5.95812e+19
1231.74   6.80595e+19
1234.24   7.93473e+19
1236.74   9.50074e+19
1239.24   1.18112e+20
1241.74   1.55453e+20
1244.25   2.25671e+20
1246.75   4.04918e+20
1249.25   1.78631e+21
1251.75   -7.94816e+20
1254.25   -3.3608e+20
1256.75   -2.16431e+20
1259.26   -1.61113e+20
1261.76   -1.29131e+20
1264.26   -1.08236e+20
1266.76   -9.3482e+19
1269.26   -8.24889e+19
1271.76   -7.39663e+19
1274.26   -6.7154e+19
1276.77   -6.15787e+19
1279.27   -5.69254e+19
1281.77   -5.29787e+19
1284.27   -4.95856e+19
1286.77   -4.66346e+19
1289.27   -4.40409e+19
1291.77   -4.17438e+19
1294.28   -3.96917e+19
1296.78   -3.78496e+19
1299.28   -3.61806e+19
1301.78   -3.46629e+19
1304.28   -3.32773e+19
1306.78   -3.20065e+19
1309.29   -3.08346e+19
1311.79   -2.97502e+19
1314.29   -2.87445e+19
1316.79   -2.78096e+19
1319.29   -2.69352e+19
1321.79   -2.61173e+19
1324.29   -2.53495e+19
1326.8   -2.46277e+19
1329.3   -2.3948e+19
1331.8   -2.33056e+19
1334.3   -2.2699e+19
1336.8   -2.21227e+19
1339.3   -2.15759e+19
1341.8   -2.10561e+19
1344.31   -2.05616e+19
1346.81   -2.00897e+19
1349.31   -1.96392e+19
1351.81   -1.92092e+19
1354.31   -1.87968e+19
1356.81   -1.8402e+19
1359.32   -1.80235e+19
1361.82   -1.76599e+19
1364.32   -1.73116e+19
1366.82   -1.69751e+19
1369.32   -1.66516e+19
1371.82   -1.63399e+19
1374.32   -1.60395e+19
1376.83   -1.57496e+19
1379.33   -1.54696e+19
1381.83   -1.51992e+19
1384.33   -1.49375e+19
1386.83   -1.46844e+19
1389.33   -1.44391e+19
1391.83   -1.42015e+19
1394.34   -1.39713e+19
1396.84   -1.37482e+19
1399.34   -1.35314e+19
1401.84   -1.33211e+19
1404.34   -1.31167e+19
1406.84   -1.29182e+19
1409.35   -1.2725e+19
1411.85   -1.25371e+19
1414.35   -1.23542e+19
1416.85   -1.21764e+19
1419.35   -1.20029e+19
1421.85   -1.18341e+19
1424.35   -1.16694e+19
1426.86   -1.15088e+19
1429.36   -1.13528e+19
1431.86   -1.11998e+19
1434.36   -1.10505e+19
1436.86   -1.0905e+19
1439.36   -1.07627e+19
1441.86   -1.06239e+19
1444.37   -1.0488e+19
1446.87   -1.03554e+19
1449.37   -1.02254e+19
1451.87   -1.00985e+19
1454.37   -9.97435e+18
1456.87   -9.85283e+18
1459.38   -9.7338e+18
1461.88   -9.61737e+18
1464.38   -9.50329e+18
1466.88   -9.39154e+18
1469.38   -9.28203e+18
1471.88   -9.17481e+18
1474.38   -9.06958e+18
1476.89   -8.96651e+18
1479.39   -8.86539e+18
1481.89   -8.76642e+18
1484.39   -8.66887e+18
1486.89   -8.5733e+18
1489.39   -8.47978e+18
1491.89   -8.38788e+18
1494.4   -8.29767e+18
1496.9   -8.20923e+18
1499.4   -8.12217e+18
1501.9   -8.036e+18
1504.4   -7.95231e+18
1506.9   -7.86986e+18
1509.41   -7.78878e+18
1511.91   -7.70902e+18
1514.41   -7.63071e+18
1516.91   -7.55358e+18
1519.41   -7.47787e+18
1521.91   -7.40336e+18
1524.41   -7.33015e+18
1526.92   -7.25808e+18
1529.42   -7.18718e+18
1531.92   -7.11735e+18
1534.42   -7.0487e+18
1536.92   -6.98115e+18
1539.42   -6.91476e+18
1541.92   -6.84922e+18
1544.43   -6.78469e+18
1546.93   -6.72121e+18
1549.43   -6.65874e+18
1551.93   -6.59716e+18
1554.43   -6.53651e+18
1556.93   -6.47674e+18
1559.44   -6.41792e+18
1561.94   -6.35993e+18
1564.44   -6.3028e+18
1566.94   -6.24645e+18
1569.44   -6.19092e+18
1571.94   -6.13625e+18
1574.44   -6.08227e+18
1576.95   -6.02902e+18
1579.45   -5.97669e+18
1581.95   -5.92489e+18
1584.45   -5.87392e+18
1586.95   -5.82368e+18
1589.45   -5.774e+18
1591.95   -5.72502e+18
1594.46   -5.67677e+18
1596.96   -5.6292e+18
1599.46   -5.58219e+18
1601.96   -5.53584e+18
1604.46   -5.49008e+18
1606.96   -5.4449e+18
1609.47   -5.40033e+18
1611.97   -5.35632e+18
1614.47   -5.31285e+18
1616.97   -5.27003e+18
1619.47   -5.22761e+18
1621.97   -5.18578e+18
1624.47   -5.14457e+18
1626.98   -5.10381e+18
1629.48   -5.06354e+18
1631.98   -5.02381e+18
1634.48   -4.98455e+18
1636.98   -4.94575e+18
1639.48   -4.90741e+18
1641.98   -4.86959e+18
1644.49   -4.8322e+18
1646.99   -4.79524e+18
1649.49   -4.75871e+18
1651.99   -4.72262e+18
1654.49   -4.68701e+18
1656.99   -4.65177e+18
1659.5   -4.61688e+18
1662   -4.58242e+18
1664.5   -4.54831e+18
1667   -4.51463e+18
1669.5   -4.48177e+18
1672   -4.44878e+18
1674.5   -4.41627e+18
1677.01   -4.38411e+18
1679.51   -4.35224e+18
1682.01   -4.32089e+18
1684.51   -4.28983e+18
1687.01   -4.25909e+18
1689.51   -4.22871e+18
1692.02   -4.19865e+18
1694.52   -4.16888e+18
1697.02   -4.13949e+18
1699.52   -4.11039e+18
1702.02   -4.08163e+18
1704.52   -4.05314e+18
1707.02   -4.02495e+18
1709.53   -3.99711e+18
1712.03   -3.96947e+18
1714.53   -3.94221e+18
1717.03   -3.91524e+18
1719.53   -3.88851e+18
1722.03   -3.86208e+18
1724.53   -3.83589e+18
1727.04   -3.80996e+18
1729.54   -3.78433e+18
1732.04   -3.7589e+18
1734.54   -3.73382e+18
1737.04   -3.70895e+18
1739.54   -3.68433e+18
1742.05   -3.65994e+18
1744.55   -3.6358e+18
1747.05   -3.61187e+18
1749.55   -3.58821e+18
1752.05   -3.56481e+18
1754.55   -3.54159e+18
1757.05   -3.51864e+18
1759.56   -3.49586e+18
1762.06   -3.47334e+18
1764.56   -3.451e+18
1767.06   -3.4289e+18
1769.56   -3.407e+18
1772.06   -3.3853e+18
1774.56   -3.36383e+18
1777.07   -3.34254e+18
1779.57   -3.32148e+18
1782.07   -3.30058e+18
1784.57   -3.2798e+18
1787.07   -3.25939e+18
1789.57   -3.23904e+18
1792.08   -3.21888e+18
1794.58   -3.19889e+18
1797.08   -3.17911e+18
1799.58   -3.15954e+18
1802.08   -3.1401e+18
1804.58   -3.12085e+18
1807.08   -3.10179e+18
1809.59   -3.08286e+18
1812.09   -3.06413e+18
1814.59   -3.04552e+18
1817.09   -3.02712e+18
1819.59   -3.00885e+18
1822.09   -2.99074e+18
1824.59   -2.97277e+18
1827.1   -2.95494e+18
1829.6   -2.93731e+18
1832.1   -2.91978e+18
1834.6   -2.90247e+18
1837.1   -2.88524e+18
1839.6   -2.86816e+18
1842.11   -2.85121e+18
1844.61   -2.83442e+18
1847.11   -2.81777e+18
1849.61   -2.80124e+18
1852.11   -2.78491e+18
1854.61   -2.76857e+18
1857.11   -2.75244e+18
1859.62   -2.73645e+18
1862.12   -2.72056e+18
1864.62   -2.70478e+18
1867.12   -2.68919e+18
1869.62   -2.67362e+18
1872.12   -2.65823e+18
1874.62   -2.64282e+18
1877.13   -2.62781e+18
1879.63   -2.61268e+18
1882.13   -2.59779e+18
1884.63   -2.58294e+18
1887.13   -2.56823e+18
1889.63   -2.55359e+18
1892.14   -2.53903e+18
1894.64   -2.52467e+18
1897.14   -2.51036e+18
1899.64   -2.49612e+18
1902.14   -2.48202e+18
1904.64   -2.468e+18
1907.14   -2.45408e+18
1909.65   -2.44022e+18
1912.15   -2.42653e+18
1914.65   -2.41284e+18
1917.15   -2.39929e+18
1919.65   -2.38579e+18
1922.15   -2.37241e+18
1924.65   -2.35912e+18
1927.16   -2.34589e+18
1929.66   -2.33274e+18
1932.16   -2.31971e+18
1934.66   -2.30669e+18
1937.16   -2.2938e+18
1939.66   -2.28094e+18
1942.17   -2.26822e+18
1944.67   -2.25551e+18
1947.17   -2.24286e+18
1949.67   -2.23035e+18
1952.17   -2.21785e+18
1954.67   -2.20543e+18
1957.17   -2.19309e+18
1959.68   -2.1808e+18
1962.18   -2.16856e+18
1964.68   -2.15641e+18
1967.18   -2.14428e+18
1969.68   -2.13224e+18
1972.18   -2.12024e+18
1974.68   -2.10827e+18
1977.19   -2.09639e+18
1979.69   -2.08456e+18
1982.19   -2.07275e+18
1984.69   -2.06101e+18
1987.19   -2.04932e+18
1989.69   -2.03767e+18
1992.2   -2.02605e+18
1994.7   -2.01446e+18
1997.2   -2.00292e+18
1999.7   -1.9914e+18
2002.2   -1.98e+18
2004.7   -1.96851e+18
2007.2   -1.95716e+18
2009.71   -1.94576e+18
2012.21   -1.93443e+18
2014.71   -1.92311e+18
2017.21   -1.91183e+18
2019.71   -1.90055e+18
2022.21   -1.88932e+18
2024.71   -1.87808e+18
2027.22   -1.86682e+18
2029.72   -1.85567e+18
2032.22   -1.84447e+18
2034.72   -1.83331e+18
2037.22   -1.82209e+18
2039.72   -1.81098e+18
2042.23   -1.79982e+18
2044.73   -1.78867e+18
2047.23   -1.77751e+18
2049.73   -1.76639e+18
2052.23   -1.75522e+18
2054.73   -1.74406e+18
2057.23   -1.73287e+18
2059.74   -1.7217e+18
2062.24   -1.71048e+18
2064.74   -1.69926e+18
2067.24   -1.68803e+18
2069.74   -1.67677e+18
2072.24   -1.66549e+18
2074.74   -1.65417e+18
2077.25   -1.64281e+18
2079.75   -1.63143e+18
2082.25   -1.62004e+18
2084.75   -1.60852e+18
2087.25   -1.59706e+18
2089.75   -1.5855e+18
2092.26   -1.57389e+18
2094.76   -1.56223e+18
2097.26   -1.55052e+18
2099.76   -1.53874e+18
2102.26   -1.5269e+18
2104.76   -1.51498e+18
2107.26   -1.50301e+18
2109.77   -1.49094e+18
2112.27   -1.47879e+18
2114.77   -1.46656e+18
2117.27   -1.45423e+18
2119.77   -1.44181e+18
2122.27   -1.42929e+18
2124.77   -1.41668e+18
2127.28   -1.40394e+18
2129.78   -1.39109e+18
2132.28   -1.37812e+18
2134.78   -1.36502e+18
2137.28   -1.35177e+18
2139.78   -1.3384e+18
2142.29   -1.32487e+18
2144.79   -1.31121e+18
2147.29   -1.29738e+18
2149.79   -1.28338e+18
2152.29   -1.26922e+18
2154.79   -1.25486e+18
2157.29   -1.24031e+18
2159.8   -1.22558e+18
2162.3   -1.21067e+18
2164.8   -1.19547e+18
2167.3   -1.18011e+18
2169.8   -1.16449e+18
2172.3   -1.14861e+18
2174.8   -1.13251e+18
2177.31   -1.11614e+18
2179.81   -1.09949e+18
2182.31   -1.08256e+18
2184.81   -1.06533e+18
2187.31   -1.04779e+18
2189.81   -1.02993e+18
2192.32   -1.01173e+18
2194.82   -9.93173e+17
2197.32   -9.74267e+17
2199.82   -9.54966e+17
2202.32   -9.35282e+17
2204.82   -9.15173e+17
2207.32   -8.9464e+17
2209.83   -8.73665e+17
2212.33   -8.52224e+17
2214.83   -8.30282e+17
2217.33   -8.07853e+17
2219.83   -7.84878e+17
2222.33   -7.61275e+17
2224.83   -7.37275e+17
2227.34   -7.12579e+17
2229.84   -6.87252e+17
2232.34   -6.61286e+17
2234.84   -6.34633e+17
2237.34   -6.07236e+17
2239.84   -5.7915e+17
2242.35   -5.50274e+17
2244.85   -5.2057e+17
2247.35   -4.90039e+17
2249.85   -4.58594e+17
2252.35   -4.26261e+17
2254.85   -3.92933e+17
2257.35   -3.58606e+17
2259.86   -3.23216e+17
2262.36   -2.86704e+17
2264.86   -2.49042e+17
2267.36   -2.10162e+17
2269.86   -1.70002e+17
2272.36   -1.28498e+17
2274.86   -8.56153e+16
2277.37   -4.12406e+16
2279.87   0
2282.37   0
2284.87   0
2287.37   0
2289.87   0
2292.38   0
2294.88   0
2297.38   0
2299.88   0
2302.38   0
2304.88   0
2307.38   0
2309.89   0
2312.39   0
2314.89   0
2317.39   0
2319.89   0
2322.39   0
2324.89   0
2327.4   0
2329.9   0
2332.4   0
2334.9   0
2337.4   0
2339.9   0
2342.41   0
2344.91   0
2347.41   0
2349.91   0
2352.41   0
2354.91   0
2357.41   0
2359.92   0
2362.42   0
2364.92   0
2367.42   0
2369.92   0
2372.42   0
2374.92   0
2377.43   0
2379.93   0
2382.43   0
2384.93   0
2387.43   0
2389.93   0
2392.44   0
2394.94   0
2397.44   0
2399.94   0
2402.44   0
2404.94   0
2407.44   0
2409.95   0
2412.45   0
2414.95   0
2417.45   0
2419.95   0
2422.45   0
2424.95   0
2427.46   0
2429.96   0
2432.46   0
2434.96   0
2437.46   0
2439.96   0
2442.47   0
2444.97   0
2447.47   0
2449.97   0
2452.47   0
2454.97   0
2457.47   0
2459.98   0
2462.48   0
2464.98   0
2467.48   0
2469.98   0
2472.48   0
2474.98   0
2477.49   0
2479.99   0
2482.49   0
2484.99   0
2487.49   0
2489.99   0
2492.5   0
2495   0
2497.5   0
2500   6.9277e+20
