1   1.14531e+26
1.34673   6.97509e+25
1.69347   4.98421e+25
2.0402   3.90181e+25
2.38693   3.23381e+25
2.73367   2.78502e+25
3.0804   2.46492e+25
3.42714   2.22622e+25
3.77387   2.04189e+25
4.1206   1.89569e+25
4.46734   1.77722e+25
4.81407   1.67902e+25
5.1608   1.59684e+25
5.50754   1.52686e+25
5.85427   1.46678e+25
6.20101   1.41435e+25
6.54774   1.36844e+25
6.89447   1.32788e+25
7.24121   1.2919e+25
7.58794   1.25957e+25
7.93467   1.23044e+25
8.28141   1.20405e+25
8.62814   1.18005e+25
8.97487   1.15806e+25
9.32161   1.13787e+25
9.66834   1.11931e+25
10.0151   1.10213e+25
10.3618   1.0862e+25
10.7085   1.07136e+25
11.0553   1.0574e+25
11.402   1.04438e+25
11.7487   1.03217e+25
12.0955   1.02074e+25
12.4422   1.00973e+25
12.7889   9.99406e+24
13.1357   9.89643e+24
13.4824   9.80159e+24
13.8291   9.7132e+24
14.1759   9.62739e+24
14.5226   9.54479e+24
14.8693   9.4653e+24
15.2161   9.3885e+24
15.5628   9.31442e+24
15.9095   9.24217e+24
16.2563   9.17096e+24
16.603   9.1027e+24
16.9497   9.03577e+24
17.2965   8.9704e+24
17.6432   8.90599e+24
17.9899   8.84276e+24
18.3367   8.78006e+24
18.6834   8.71846e+24
19.0302   8.65712e+24
19.3769   8.59748e+24
19.7236   8.53615e+24
20.0704   8.47608e+24
20.4171   8.41701e+24
20.7638   8.35608e+24
21.1106   8.29708e+24
21.4573   8.23668e+24
21.804   8.17637e+24
22.1508   8.11553e+24
22.4975   8.05462e+24
22.8442   7.99312e+24
23.191   7.93128e+24
23.5377   7.86807e+24
23.8844   7.80514e+24
24.2312   7.74148e+24
24.5779   7.67734e+24
24.9246   7.61261e+24
25.2714   7.547e+24
25.6181   7.48116e+24
25.9648   7.4141e+24
26.3116   7.34671e+24
26.6583   7.27909e+24
27.005   7.20948e+24
27.3518   7.13996e+24
27.6985   7.07011e+24
28.0452   6.99832e+24
28.392   6.92708e+24
28.7387   6.8553e+24
29.0854   6.78188e+24
29.4322   6.70829e+24
29.7789   6.63387e+24
30.1256   6.55909e+24
30.4724   6.48365e+24
30.8191   6.40695e+24
31.1658   6.33086e+24
31.5126   6.25382e+24
31.8593   6.17694e+24
32.206   6.09941e+24
32.5528   6.02162e+24
32.8995   5.94356e+24
33.2462   5.86597e+24
33.593   5.78688e+24
33.9397   5.70903e+24
34.2864   5.63038e+24
34.6332   5.55119e+24
34.9799   5.47323e+24
35.3266   5.39408e+24
35.6734   5.31628e+24
36.0201   5.23791e+24
36.3668   5.15979e+24
36.7136   5.08191e+24
37.0603   5.0044e+24
37.407   4.92711e+24
37.7538   4.85032e+24
38.1005   4.77339e+24
38.4472   4.69725e+24
38.794   4.62177e+24
39.1407   4.54673e+24
39.4874   4.47233e+24
39.8342   4.39833e+24
40.1809   4.32512e+24
40.5276   4.25326e+24
40.8744   4.18078e+24
41.2211   4.10987e+24
41.5678   4.03937e+24
41.9146   3.96938e+24
42.2613   3.90074e+24
42.608   3.83212e+24
42.9548   3.76506e+24
43.3015   3.69854e+24
43.6482   3.63283e+24
43.995   3.56815e+24
44.3417   3.50405e+24
44.6884   3.44098e+24
45.0352   3.37843e+24
45.3819   3.31716e+24
45.7286   3.25675e+24
46.0754   3.19726e+24
46.4221   3.13879e+24
46.7688   3.08106e+24
47.1156   3.02481e+24
47.4623   2.96867e+24
47.809   2.91408e+24
48.1558   2.85982e+24
48.5025   2.80683e+24
48.8492   2.75497e+24
49.196   2.70356e+24
49.5427   2.65351e+24
49.8894   2.60388e+24
50.2362   2.55571e+24
50.5829   2.50785e+24
50.9296   2.46136e+24
51.2764   2.41557e+24
51.6231   2.37059e+24
51.9698   2.32651e+24
52.3166   2.28303e+24
52.6633   2.24068e+24
53.0101   2.19911e+24
53.3568   2.15841e+24
53.7035   2.11863e+24
54.0503   2.0793e+24
54.397   2.04118e+24
54.7437   2.00348e+24
55.0905   1.96685e+24
55.4372   1.9307e+24
55.7839   1.89543e+24
56.1307   1.86099e+24
56.4774   1.82708e+24
56.8241   1.79408e+24
57.1709   1.76154e+24
57.5176   1.72992e+24
57.8643   1.69877e+24
58.2111   1.66847e+24
58.5578   1.63863e+24
58.9045   1.60962e+24
59.2513   1.58104e+24
59.598   1.55327e+24
59.9447   1.5259e+24
60.2915   1.49934e+24
60.6382   1.47314e+24
60.9849   1.44771e+24
61.3317   1.42266e+24
61.6784   1.39832e+24
62.0251   1.37437e+24
62.3719   1.35108e+24
62.7186   1.32816e+24
63.0653   1.30582e+24
63.4121   1.28403e+24
63.7588   1.2626e+24
64.1055   1.24175e+24
64.4523   1.22126e+24
64.799   1.20133e+24
65.1457   1.18173e+24
65.4925   1.16266e+24
65.8392   1.14393e+24
66.1859   1.12569e+24
66.5327   1.10778e+24
66.8794   1.09034e+24
67.2261   1.07322e+24
67.5729   1.05653e+24
67.9196   1.04017e+24
68.2663   1.02421e+24
68.6131   1.00857e+24
68.9598   9.93304e+23
69.3065   9.78354e+23
69.6533   9.63748e+23
70   9.49458e+23
