0.0014  10000
3.9e-06  29900
8.4e-07  49800
3.9e-07  69700
2.5e-07  89600
1.8e-07  109500
1.4e-07  129400
1.1e-07  149300
9.3e-08  169200
8.1e-08  189100
7.2e-08  209000
6.5e-08  228900
6e-08  248800
5.5e-08  268700
5.1e-08  288600
4.8e-08  308500
4.6e-08  328400
4.3e-08  348300
4.1e-08  368200
3.9e-08  388100
3.8e-08  408000
3.6e-08  427900
3.5e-08  447800
3.4e-08  467700
3.3e-08  487600
3.2e-08  507500
3.1e-08  527400
3e-08  547300
2.9e-08  567200
2.9e-08  587100
2.8e-08  607000
2.7e-08  626900
2.7e-08  646800
2.6e-08  666700
2.6e-08  686600
2.6e-08  706500
2.5e-08  726400
2.5e-08  746300
2.4e-08  766200
2.4e-08  786100
2.3e-08  806000
2.3e-08  825900
2.3e-08  845800
2.3e-08  865700
2.2e-08  885600
2.2e-08  905500
2.2e-08  925400
2.2e-08  945300
2.1e-08  965200
2.1e-08  985100
2.1e-08  1.005e+06
2.1e-08  1.0249e+06
2.1e-08  1.0448e+06
2e-08  1.0647e+06
2e-08  1.0846e+06
2e-08  1.1045e+06
2e-08  1.1244e+06
2e-08  1.1443e+06
1.9e-08  1.1642e+06
1.9e-08  1.1841e+06
1.9e-08  1.204e+06
1.9e-08  1.2239e+06
1.9e-08  1.2438e+06
1.9e-08  1.2637e+06
1.9e-08  1.2836e+06
1.9e-08  1.3035e+06
1.9e-08  1.3234e+06
1.9e-08  1.3433e+06
1.8e-08  1.3632e+06
1.8e-08  1.3831e+06
1.8e-08  1.403e+06
1.8e-08  1.4229e+06
1.8e-08  1.4428e+06
1.8e-08  1.4627e+06
1.8e-08  1.4826e+06
1.8e-08  1.5025e+06
1.8e-08  1.5224e+06
1.8e-08  1.5423e+06
1.8e-08  1.5622e+06
1.8e-08  1.5821e+06
1.7e-08  1.602e+06
1.7e-08  1.6219e+06
1.7e-08  1.6418e+06
1.7e-08  1.6617e+06
1.7e-08  1.6816e+06
1.7e-08  1.7015e+06
1.5e-08  1.7214e+06
1.4e-08  1.7413e+06
1.4e-08  1.7612e+06
1.3e-08  1.7811e+06
1.3e-08  1.801e+06
1.3e-08  1.8209e+06
1.2e-08  1.8408e+06
1.2e-08  1.8607e+06
1.2e-08  1.8806e+06
1.1e-08  1.9005e+06
1.1e-08  1.9204e+06
1.1e-08  1.9403e+06
9.9e-09  1.9602e+06
2.5e-09  2.9402e+06
1.3e-09  3.9202e+06
7.4e-10  4.9002e+06
5.2e-10  5.8802e+06
3.9e-10  6.8602e+06
3.1e-10  7.8402e+06
2.6e-10  8.8202e+06
2.2e-10  9.8002e+06
1.9e-10  1.07802e+07
1.7e-10  1.17602e+07
1.5e-10  1.27402e+07
1.4e-10  1.37202e+07
1.3e-10  1.47002e+07
1.2e-10  1.56802e+07
1.1e-10  1.66602e+07
1e-10  1.76402e+07
9.4e-11  1.86202e+07
8.9e-11  1.96002e+07
8.4e-11  2.05802e+07
8e-11  2.15602e+07
7.7e-11  2.25402e+07
7.3e-11  2.35202e+07
7.1e-11  2.45002e+07
6.8e-11  2.54802e+07
6.6e-11  2.64602e+07
6.4e-11  2.74402e+07
6.2e-11  2.84202e+07
6e-11  2.94002e+07
5.8e-11  3.03802e+07
5.6e-11  3.13602e+07
5.5e-11  3.23402e+07
5.4e-11  3.33202e+07
5.2e-11  3.43002e+07
5.1e-11  3.52802e+07
5e-11  3.62602e+07
4.9e-11  3.72402e+07
4.8e-11  3.82202e+07
4.7e-11  3.92002e+07
4.6e-11  4.01802e+07
4.5e-11  4.11602e+07
4.4e-11  4.21402e+07
4.4e-11  4.31202e+07
4.3e-11  4.41002e+07
4.2e-11  4.50802e+07
4.2e-11  4.60602e+07
4.1e-11  4.70402e+07
4e-11  4.80202e+07
4e-11  4.90002e+07
3.9e-11  4.99802e+07
3.9e-11  5.09602e+07
3.8e-11  5.19402e+07
3.8e-11  5.29202e+07
3.7e-11  5.39002e+07
3.7e-11  5.48802e+07
3.6e-11  5.58602e+07
3.6e-11  5.68402e+07
3.6e-11  5.78202e+07
3.5e-11  5.88002e+07
3.5e-11  5.97802e+07
3.4e-11  6.07602e+07
3.4e-11  6.17402e+07
3.4e-11  6.27202e+07
3.3e-11  6.37002e+07
3.3e-11  6.46802e+07
3.3e-11  6.56602e+07
3.3e-11  6.66402e+07
3.2e-11  6.76202e+07
3.2e-11  6.86002e+07
3.2e-11  6.95802e+07
3.1e-11  7.05602e+07
3.1e-11  7.15402e+07
3.1e-11  7.25202e+07
3.1e-11  7.35002e+07
3e-11  7.44802e+07
3e-11  7.54602e+07
3e-11  7.64402e+07
3e-11  7.74202e+07
3e-11  7.84002e+07
2.9e-11  7.93802e+07
2.9e-11  8.03602e+07
2.9e-11  8.13402e+07
2.9e-11  8.23202e+07
2.9e-11  8.33002e+07
2.8e-11  8.42802e+07
2.8e-11  8.52602e+07
2.8e-11  8.62402e+07
2.8e-11  8.72202e+07
2.8e-11  8.82002e+07
2.8e-11  8.91802e+07
2.7e-11  9.01602e+07
2.7e-11  9.11402e+07
2.7e-11  9.21202e+07
2.7e-11  9.31002e+07
2.7e-11  9.40802e+07
2.7e-11  9.50602e+07
2.7e-11  9.60402e+07
2.6e-11  9.70202e+07
2.6e-11  9.80002e+07
2.6e-11  9.89802e+07
2.6e-11  9.99602e+07
2e-11  1.9896e+08
1.8e-11  2.9796e+08
1.8e-11  3.9696e+08
1.7e-11  4.9596e+08
1.7e-11  5.9496e+08
1.7e-11  6.9396e+08
1.7e-11  7.9296e+08
1.7e-11  8.9196e+08
1.8e-11  9.9096e+08
1.8e-11  1.08996e+09
1.8e-11  1.18896e+09
1.8e-11  1.28796e+09
1.8e-11  1.38696e+09
1.8e-11  1.48596e+09
1.8e-11  1.58496e+09
1.9e-11  1.68396e+09
1.9e-11  1.78296e+09
1.9e-11  1.88196e+09
1.9e-11  1.98096e+09
1.9e-11  2.07996e+09
1.9e-11  2.17896e+09
1.9e-11  2.27796e+09
1.9e-11  2.37696e+09
1.9e-11  2.47596e+09
2e-11  2.57496e+09
2e-11  2.67396e+09
2e-11  2.77296e+09
2e-11  2.87196e+09
2e-11  2.97096e+09
2e-11  3.06996e+09
2e-11  3.16896e+09
2e-11  3.26796e+09
2e-11  3.36696e+09
2e-11  3.46596e+09
2e-11  3.56496e+09
2e-11  3.66396e+09
2e-11  3.76296e+09
2e-11  3.86196e+09
2e-11  3.96096e+09
2e-11  4.05996e+09
2.1e-11  4.15896e+09
2.1e-11  4.25796e+09
2.1e-11  4.35696e+09
2.1e-11  4.45596e+09
2.1e-11  4.55496e+09
2.1e-11  4.65396e+09
2.1e-11  4.75296e+09
2.1e-11  4.85196e+09
2.1e-11  4.95096e+09
2.1e-11  5.04996e+09
2.1e-11  5.14896e+09
2.1e-11  5.24796e+09
2.1e-11  5.34696e+09
2.1e-11  5.44596e+09
2.1e-11  5.54496e+09
2.1e-11  5.64396e+09
2.1e-11  5.74296e+09
2.1e-11  5.84196e+09
2.1e-11  5.94096e+09
2.1e-11  6.03996e+09
2.1e-11  6.13896e+09
2.1e-11  6.23796e+09
2.1e-11  6.33696e+09
2.1e-11  6.43596e+09
2.1e-11  6.53496e+09
2.1e-11  6.63396e+09
2.1e-11  6.73296e+09
2.1e-11  6.83196e+09
2.1e-11  6.93096e+09
2.1e-11  7.02996e+09
2.1e-11  7.12896e+09
2.1e-11  7.22796e+09
2.1e-11  7.32696e+09
2.1e-11  7.42596e+09
2.1e-11  7.52496e+09
2.1e-11  7.62396e+09
2.1e-11  7.72296e+09
2.1e-11  7.82196e+09
2.1e-11  7.92096e+09
2.1e-11  8.01996e+09
2.2e-11  8.11896e+09
2.2e-11  8.21796e+09
2.2e-11  8.31696e+09
2.2e-11  8.41596e+09
2.2e-11  8.51496e+09
2.2e-11  8.61396e+09
2.2e-11  8.71296e+09
2.2e-11  8.81196e+09
2.2e-11  8.91096e+09
2.2e-11  9.00996e+09
2.2e-11  9.10896e+09
2.2e-11  9.20796e+09
2.2e-11  9.30696e+09
2.2e-11  9.40596e+09
2.2e-11  9.50496e+09
2.2e-11  9.60396e+09
2.2e-11  9.70296e+09
2.2e-11  9.80196e+09
2.2e-11  9.90096e+09
2.2e-11  9.99996e+09
