1   3.45473e+27
1.05124   3.29309e+27
1.10248   3.14631e+27
1.15372   3.01247e+27
1.20496   2.88994e+27
1.25621   2.77737e+27
1.30745   2.6736e+27
1.35869   2.57765e+27
1.40993   2.48868e+27
1.46117   2.40596e+27
1.51241   2.32886e+27
1.56365   2.25681e+27
1.61489   2.18936e+27
1.66613   2.12606e+27
1.71737   2.06655e+27
1.76862   2.01049e+27
1.81986   1.9576e+27
1.8711   1.90762e+27
1.92234   1.8603e+27
1.97358   1.81544e+27
2.02482   1.77285e+27
2.07606   1.73236e+27
2.1273   1.69382e+27
2.17854   1.65709e+27
2.22979   1.62204e+27
2.28103   1.58857e+27
2.33227   1.55655e+27
2.38351   1.5259e+27
2.43475   1.49654e+27
2.48599   1.46837e+27
2.53723   1.44133e+27
2.58847   1.41535e+27
2.63971   1.39036e+27
2.69095   1.36632e+27
2.7422   1.34316e+27
2.79344   1.32083e+27
2.84468   1.2993e+27
2.89592   1.27851e+27
2.94716   1.25843e+27
2.9984   1.23902e+27
3.04964   1.22024e+27
3.10088   1.20208e+27
3.15212   1.18448e+27
3.20337   1.16743e+27
3.25461   1.1509e+27
3.30585   1.13487e+27
3.35709   1.11931e+27
3.40833   1.1042e+27
3.45957   1.08952e+27
3.51081   1.07525e+27
3.56205   1.06137e+27
3.61329   1.04787e+27
3.66453   1.03473e+27
3.71578   1.02193e+27
3.76702   1.00946e+27
3.81826   9.97313e+26
3.8695   9.85466e+26
3.92074   9.7391e+26
3.97198   9.62633e+26
4.02322   9.51626e+26
4.07446   9.40876e+26
4.1257   9.30375e+26
4.17695   9.20113e+26
4.22819   9.10081e+26
4.27943   9.00271e+26
4.33067   8.90674e+26
4.38191   8.81283e+26
4.43315   8.7209e+26
4.48439   8.63088e+26
4.53563   8.54271e+26
4.58687   8.45631e+26
4.63811   8.37164e+26
4.68936   8.28864e+26
4.7406   8.20723e+26
4.79184   8.12738e+26
4.84308   8.04903e+26
4.89432   7.97213e+26
4.94556   7.89663e+26
4.9968   7.82249e+26
5.04804   7.74967e+26
5.09928   7.67812e+26
5.15053   7.6078e+26
5.20177   7.53868e+26
5.25301   7.47072e+26
5.30425   7.40388e+26
5.35549   7.33813e+26
5.40673   7.27344e+26
5.45797   7.20977e+26
5.50921   7.1471e+26
5.56045   7.08539e+26
5.61169   7.02461e+26
5.66294   6.96475e+26
5.71418   6.90577e+26
5.76542   6.84765e+26
5.81666   6.79037e+26
5.8679   6.7339e+26
5.91914   6.67821e+26
5.97038   6.62329e+26
6.02162   6.56912e+26
6.07286   6.51567e+26
6.12411   6.46293e+26
6.17535   6.41087e+26
6.22659   6.35948e+26
6.27783   6.30875e+26
6.32907   6.25865e+26
6.38031   6.20916e+26
6.43155   6.16028e+26
6.48279   6.11198e+26
6.53403   6.06425e+26
6.58527   6.01708e+26
6.63652   5.97045e+26
6.68776   5.92435e+26
6.739   5.87877e+26
6.79024   5.83369e+26
6.84148   5.7891e+26
6.89272   5.74499e+26
6.94396   5.70134e+26
6.9952   5.65816e+26
7.04644   5.61541e+26
7.09769   5.57311e+26
7.14893   5.53123e+26
7.20017   5.48976e+26
7.25141   5.4487e+26
7.30265   5.40804e+26
7.35389   5.36776e+26
7.40513   5.32786e+26
7.45637   5.28833e+26
7.50761   5.24917e+26
7.55885   5.21036e+26
7.6101   5.17189e+26
7.66134   5.13377e+26
7.71258   5.09598e+26
7.76382   5.05851e+26
7.81506   5.02136e+26
7.8663   4.98453e+26
7.91754   4.948e+26
7.96878   4.91177e+26
8.02002   4.87583e+26
8.07126   4.84018e+26
8.12251   4.80482e+26
8.17375   4.76973e+26
8.22499   4.73491e+26
8.27623   4.70036e+26
8.32747   4.66607e+26
8.37871   4.63204e+26
8.42995   4.59826e+26
8.48119   4.56473e+26
8.53243   4.53145e+26
8.58368   4.4984e+26
8.63492   4.46559e+26
8.68616   4.43301e+26
8.7374   4.40066e+26
8.78864   4.36853e+26
8.83988   4.33662e+26
8.89112   4.30493e+26
8.94236   4.27345e+26
8.9936   4.24219e+26
9.04484   4.21113e+26
9.09609   4.18028e+26
9.14733   4.14963e+26
9.19857   4.11917e+26
9.24981   4.08892e+26
9.30105   4.05885e+26
9.35229   4.02898e+26
9.40353   3.9993e+26
9.45477   3.9698e+26
9.50601   3.94049e+26
9.55726   3.91136e+26
9.6085   3.87424e+26
9.65974   3.83531e+26
9.71098   3.79679e+26
9.76222   3.75867e+26
9.81346   3.72095e+26
9.8647   3.68362e+26
9.91594   3.64667e+26
9.96718   3.61009e+26
10.0184   3.57389e+26
10.0697   3.53806e+26
10.1209   3.50259e+26
10.1721   3.46748e+26
10.2234   3.43272e+26
10.2746   3.39831e+26
10.3259   3.36424e+26
10.3771   3.33051e+26
10.4284   3.29711e+26
10.4796   3.26405e+26
10.5308   3.23131e+26
10.5821   3.19889e+26
10.6333   3.16679e+26
10.6846   3.13501e+26
10.7358   3.10353e+26
10.787   3.07236e+26
10.8383   3.0415e+26
10.8895   3.01093e+26
10.9408   2.98066e+26
10.992   2.95068e+26
11.0432   2.92099e+26
11.0945   2.89159e+26
11.1457   2.86247e+26
11.197   2.83363e+26
11.2482   2.80507e+26
11.2995   2.77678e+26
11.3507   2.74876e+26
11.4019   2.721e+26
11.4532   2.69352e+26
11.5044   2.66629e+26
11.5557   2.63933e+26
11.6069   2.61262e+26
11.6581   2.58617e+26
11.7094   2.55997e+26
11.7606   2.53402e+26
11.8119   2.50831e+26
11.8631   2.48285e+26
11.9143   2.45764e+26
11.9656   2.43266e+26
12.0168   2.40792e+26
12.0681   2.38341e+26
12.1193   2.35914e+26
12.1705   2.3351e+26
12.2218   2.31129e+26
12.273   2.28771e+26
12.3243   2.26435e+26
12.3755   2.24121e+26
12.4268   2.21829e+26
12.478   2.1956e+26
12.5292   2.17312e+26
12.5805   2.15085e+26
12.6317   2.1288e+26
12.683   2.10696e+26
12.7342   2.08533e+26
12.7854   2.0639e+26
12.8367   2.04268e+26
12.8879   2.02167e+26
12.9392   2.00086e+26
12.9904   1.98024e+26
13.0416   1.95983e+26
13.0929   1.93961e+26
13.1441   1.91959e+26
13.1954   1.89977e+26
13.2466   1.88013e+26
13.2979   1.86069e+26
13.3491   1.84143e+26
13.4003   1.82237e+26
13.4516   1.80348e+26
13.5028   1.78479e+26
13.5541   1.76627e+26
13.6053   1.74794e+26
13.6565   1.72978e+26
13.7078   1.71181e+26
13.759   1.69401e+26
13.8103   1.67638e+26
13.8615   1.65893e+26
13.9127   1.64165e+26
13.964   1.62454e+26
14.0152   1.60761e+26
14.0665   1.59084e+26
14.1177   1.57423e+26
14.1689   1.55779e+26
14.2202   1.54152e+26
14.2714   1.52541e+26
14.3227   1.50946e+26
14.3739   1.49367e+26
14.4252   1.47803e+26
14.4764   1.46256e+26
14.5276   1.44724e+26
14.5789   1.43207e+26
14.6301   1.41706e+26
14.6814   1.4022e+26
14.7326   1.38749e+26
14.7838   1.37292e+26
14.8351   1.35851e+26
14.8863   1.34424e+26
14.9376   1.33012e+26
14.9888   1.31615e+26
15.04   1.30231e+26
15.0913   1.28862e+26
15.1425   1.27507e+26
15.1938   1.26165e+26
15.245   1.24838e+26
15.2963   1.23524e+26
15.3475   1.22223e+26
15.3987   1.20937e+26
15.45   1.19663e+26
15.5012   1.18403e+26
15.5525   1.17155e+26
15.6037   1.15921e+26
15.6549   1.147e+26
15.7062   1.13491e+26
15.7574   1.12295e+26
15.8087   1.11111e+26
15.8599   1.0994e+26
15.9111   1.08781e+26
15.9624   1.07634e+26
16.0136   1.06499e+26
16.0649   1.05376e+26
16.1161   1.04265e+26
16.1674   1.03166e+26
16.2186   1.02078e+26
16.2698   1.01002e+26
16.3211   9.99372e+25
16.3723   9.88837e+25
16.4236   9.78413e+25
16.4748   9.68101e+25
16.526   9.57898e+25
16.5773   9.47803e+25
16.6285   9.37817e+25
16.6798   9.27936e+25
16.731   9.18162e+25
16.7822   9.08492e+25
16.8335   8.98925e+25
16.8847   8.89461e+25
16.936   8.80099e+25
16.9872   8.70837e+25
17.0384   8.61675e+25
17.0897   8.52611e+25
17.1409   8.43645e+25
17.1922   8.34775e+25
17.2434   8.26001e+25
17.2947   8.17322e+25
17.3459   8.08737e+25
17.3971   8.00244e+25
17.4484   7.91844e+25
17.4996   7.83534e+25
17.5509   7.75315e+25
17.6021   7.67185e+25
17.6533   7.59143e+25
17.7046   7.51188e+25
17.7558   7.4332e+25
17.8071   7.35538e+25
17.8583   7.2784e+25
17.9095   7.20227e+25
17.9608   7.12696e+25
18.012   7.05247e+25
18.0633   6.9788e+25
18.1145   6.90593e+25
18.1658   6.83386e+25
18.217   6.76258e+25
18.2682   6.69208e+25
18.3195   6.62234e+25
18.3707   6.55338e+25
18.422   6.48516e+25
18.4732   6.4177e+25
18.5244   6.35097e+25
18.5757   6.28498e+25
18.6269   6.21971e+25
18.6782   6.15516e+25
18.7294   6.09132e+25
18.7806   6.02818e+25
18.8319   5.96573e+25
18.8831   5.90397e+25
18.9344   5.84289e+25
18.9856   5.78248e+25
19.0368   5.72273e+25
19.0881   5.66365e+25
19.1393   5.60521e+25
19.1906   5.54742e+25
19.2418   5.49026e+25
19.2931   5.43373e+25
19.3443   5.37783e+25
19.3955   5.32254e+25
19.4468   5.26786e+25
19.498   5.21378e+25
19.5493   5.1603e+25
19.6005   5.10741e+25
19.6517   5.0551e+25
19.703   5.00337e+25
19.7542   4.95221e+25
19.8055   4.90161e+25
19.8567   4.85157e+25
19.9079   4.80208e+25
19.9592   4.75314e+25
20.0104   4.70474e+25
20.0617   4.65687e+25
20.1129   4.60953e+25
20.1642   4.56271e+25
20.2154   4.5164e+25
20.2666   4.47061e+25
20.3179   4.42532e+25
20.3691   4.38053e+25
20.4204   4.33623e+25
20.4716   4.29242e+25
20.5228   4.2491e+25
20.5741   4.20625e+25
20.6253   4.16387e+25
20.6766   4.12196e+25
20.7278   4.0805e+25
20.779   4.03951e+25
20.8303   3.99897e+25
20.8815   3.95887e+25
20.9328   3.91921e+25
20.984   3.87999e+25
21.0353   3.8412e+25
21.0865   3.80283e+25
21.1377   3.76489e+25
21.189   3.72736e+25
21.2402   3.69024e+25
21.2915   3.65353e+25
21.3427   3.61722e+25
21.3939   3.58131e+25
21.4452   3.5458e+25
21.4964   3.51067e+25
21.5477   3.47593e+25
21.5989   3.44156e+25
21.6501   3.40758e+25
21.7014   3.37396e+25
21.7526   3.34071e+25
21.8039   3.30782e+25
21.8551   3.2753e+25
21.9063   3.24312e+25
21.9576   3.2113e+25
22.0088   3.17983e+25
22.0601   3.1487e+25
22.1113   3.1179e+25
22.1626   3.08744e+25
22.2138   3.05732e+25
22.265   3.02752e+25
22.3163   2.99804e+25
22.3675   2.96888e+25
22.4188   2.94004e+25
22.47   2.91151e+25
22.5212   2.8833e+25
22.5725   2.85538e+25
22.6237   2.82777e+25
22.675   2.80046e+25
22.7262   2.77344e+25
22.7774   2.74671e+25
22.8287   2.72028e+25
22.8799   2.69412e+25
22.9312   2.66825e+25
22.9824   2.64266e+25
23.0337   2.61734e+25
23.0849   2.5923e+25
23.1361   2.56752e+25
23.1874   2.54302e+25
23.2386   2.51877e+25
23.2899   2.49478e+25
23.3411   2.47105e+25
23.3923   2.44758e+25
23.4436   2.42435e+25
23.4948   2.40138e+25
23.5461   2.37865e+25
23.5973   2.35616e+25
23.6485   2.33391e+25
23.6998   2.3119e+25
23.751   2.29013e+25
23.8023   2.26858e+25
23.8535   2.24727e+25
23.9047   2.22618e+25
23.956   2.20531e+25
24.0072   2.18467e+25
24.0585   2.16424e+25
24.1097   2.14403e+25
24.161   2.12404e+25
24.2122   2.10425e+25
24.2634   2.08468e+25
24.3147   2.06531e+25
24.3659   2.04614e+25
24.4172   2.02718e+25
24.4684   2.00842e+25
24.5196   1.98985e+25
24.5709   1.97148e+25
24.6221   1.9533e+25
24.6734   1.93532e+25
24.7246   1.91752e+25
24.7758   1.8999e+25
24.8271   1.88248e+25
24.8783   1.86523e+25
24.9296   1.84816e+25
24.9808   1.83127e+25
25.0321   1.81456e+25
25.0833   1.79802e+25
25.1345   1.78166e+25
25.1858   1.76546e+25
25.237   1.74943e+25
25.2883   1.73357e+25
25.3395   1.71787e+25
25.3907   1.70233e+25
25.442   1.68696e+25
25.4932   1.67174e+25
25.5445   1.65668e+25
25.5957   1.64178e+25
25.6469   1.62703e+25
25.6982   1.61243e+25
25.7494   1.59798e+25
25.8007   1.58368e+25
25.8519   1.56953e+25
25.9032   1.55552e+25
25.9544   1.54165e+25
26.0056   1.52793e+25
26.0569   1.51434e+25
26.1081   1.5009e+25
26.1594   1.48759e+25
26.2106   1.47442e+25
26.2618   1.46138e+25
26.3131   1.44847e+25
26.3643   1.4357e+25
26.4156   1.42305e+25
26.4668   1.41053e+25
26.518   1.39814e+25
26.5693   1.38588e+25
26.6205   1.37373e+25
26.6718   1.36171e+25
26.723   1.34982e+25
26.7742   1.33804e+25
26.8255   1.32638e+25
26.8767   1.31483e+25
26.928   1.30341e+25
26.9792   1.29209e+25
27.0305   1.28089e+25
27.0817   1.26981e+25
27.1329   1.25883e+25
27.1842   1.24796e+25
27.2354   1.2372e+25
27.2867   1.22655e+25
27.3379   1.216e+25
27.3891   1.20556e+25
27.4404   1.19523e+25
27.4916   1.18499e+25
27.5429   1.17486e+25
27.5941   1.16482e+25
27.6453   1.15489e+25
27.6966   1.14505e+25
27.7478   1.13531e+25
27.7991   1.12567e+25
27.8503   1.11612e+25
27.9016   1.10666e+25
27.9528   1.0973e+25
28.004   1.08803e+25
28.0553   1.07885e+25
28.1065   1.06976e+25
28.1578   1.06076e+25
28.209   1.05184e+25
28.2602   1.04302e+25
28.3115   1.03428e+25
28.3627   1.02562e+25
28.414   1.01705e+25
28.4652   1.00856e+25
28.5164   1.00015e+25
28.5677   9.91827e+24
28.6189   9.83583e+24
28.6702   9.75417e+24
28.7214   9.67331e+24
28.7726   9.59323e+24
28.8239   9.51391e+24
28.8751   9.43536e+24
28.9264   9.35756e+24
28.9776   9.28051e+24
29.0289   9.20419e+24
29.0801   9.12861e+24
29.1313   9.05374e+24
29.1826   8.97959e+24
29.2338   8.90615e+24
29.2851   8.83341e+24
29.3363   8.76136e+24
29.3875   8.68999e+24
29.4388   8.6193e+24
29.49   8.54928e+24
29.5413   8.47993e+24
29.5925   8.41122e+24
29.6437   8.34317e+24
29.695   8.27576e+24
29.7462   8.20898e+24
29.7975   8.14284e+24
29.8487   8.07731e+24
29.9   8.0124e+24
29.9512   7.9481e+24
30.0024   7.8844e+24
30.0537   7.82129e+24
30.1049   7.75877e+24
30.1562   7.69684e+24
30.2074   7.63549e+24
30.2586   7.5747e+24
30.3099   7.51449e+24
30.3611   7.45483e+24
30.4124   7.39572e+24
30.4636   7.33716e+24
30.5148   7.27914e+24
30.5661   7.22166e+24
30.6173   7.16471e+24
30.6686   7.10829e+24
30.7198   7.05238e+24
30.7711   6.99699e+24
30.8223   6.94211e+24
30.8735   6.88773e+24
30.9248   6.83385e+24
30.976   6.78046e+24
31.0273   6.72756e+24
31.0785   6.67515e+24
31.1297   6.62321e+24
31.181   6.57174e+24
31.2322   6.52075e+24
31.2835   6.47021e+24
31.3347   6.42014e+24
31.3859   6.37052e+24
31.4372   6.32135e+24
31.4884   6.27262e+24
31.5397   6.22433e+24
31.5909   6.17648e+24
31.6421   6.12906e+24
31.6934   6.08207e+24
31.7446   6.0355e+24
31.7959   5.98935e+24
31.8471   5.94361e+24
31.8984   5.89828e+24
31.9496   5.85336e+24
32.0008   5.80883e+24
32.0521   5.76471e+24
32.1033   5.72098e+24
32.1546   5.67764e+24
32.2058   5.63468e+24
32.257   5.5921e+24
32.3083   5.54991e+24
32.3595   5.50808e+24
32.4108   5.46663e+24
32.462   5.42554e+24
32.5132   5.38482e+24
32.5645   5.34445e+24
32.6157   5.30444e+24
32.667   5.26479e+24
32.7182   5.22548e+24
32.7695   5.18651e+24
32.8207   5.14789e+24
32.8719   5.1096e+24
32.9232   5.07165e+24
32.9744   5.03403e+24
33.0257   4.99674e+24
33.0769   4.95978e+24
33.1281   4.92313e+24
33.1794   4.88681e+24
33.2306   4.8508e+24
33.2819   4.8151e+24
33.3331   4.77971e+24
33.3843   4.74463e+24
33.4356   4.70984e+24
33.4868   4.67536e+24
33.5381   4.64118e+24
33.5893   4.60729e+24
33.6405   4.5737e+24
33.6918   4.54039e+24
33.743   4.50736e+24
33.7943   4.47462e+24
33.8455   4.44216e+24
33.8968   4.40998e+24
33.948   4.37807e+24
33.9992   4.34643e+24
34.0505   4.31507e+24
34.1017   4.28397e+24
34.153   4.25313e+24
34.2042   4.22255e+24
34.2554   4.19224e+24
34.3067   4.16218e+24
34.3579   4.13237e+24
34.4092   4.10282e+24
34.4604   4.07352e+24
34.5116   4.04446e+24
34.5629   4.01565e+24
34.6141   3.98707e+24
34.6654   3.95874e+24
34.7166   3.93065e+24
34.7679   3.90279e+24
34.8191   0
34.8703   0
34.9216   0
34.9728   0
35.0241   0
35.0753   0
35.1265   0
35.1778   0
35.229   0
35.2803   0
35.3315   0
35.3827   0
35.434   0
35.4852   0
35.5365   0
35.5877   0
35.639   0
35.6902   0
35.7414   0
35.7927   0
35.8439   0
35.8952   0
35.9464   0
35.9976   0
36.0489   0
36.1001   0
36.1514   0
36.2026   0
36.2538   0
36.3051   0
36.3563   0
36.4076   0
36.4588   0
36.51   0
36.5613   0
36.6125   0
36.6638   0
36.715   0
36.7663   0
36.8175   0
36.8687   0
36.92   0
36.9712   0
37.0225   0
37.0737   0
37.1249   0
37.1762   0
37.2274   0
37.2787   0
37.3299   0
37.3811   0
37.4324   0
37.4836   0
37.5349   0
37.5861   0
37.6374   0
37.6886   0
37.7398   0
37.7911   0
37.8423   0
37.8936   0
37.9448   0
37.996   0
38.0473   0
38.0985   0
38.1498   0
38.201   0
38.2522   0
38.3035   0
38.3547   0
38.406   0
38.4572   0
38.5084   0
38.5597   0
38.6109   0
38.6622   0
38.7134   0
38.7647   0
38.8159   0
38.8671   0
38.9184   0
38.9696   0
39.0209   0
39.0721   0
39.1233   0
39.1746   0
39.2258   0
39.2771   0
39.3283   0
39.3795   0
39.4308   0
39.482   0
39.5333   0
39.5845   0
39.6358   0
39.687   0
39.7382   0
39.7895   0
39.8407   0
39.892   0
39.9432   0
39.9944   0
40.0457   0
40.0969   0
40.1482   0
40.1994   0
40.2506   0
40.3019   0
40.3531   0
40.4044   0
40.4556   0
40.5068   0
40.5581   0
40.6093   0
40.6606   0
40.7118   0
40.7631   0
40.8143   0
40.8655   0
40.9168   0
40.968   0
41.0193   0
41.0705   0
41.1217   0
41.173   0
41.2242   0
41.2755   0
41.3267   0
41.3779   0
41.4292   0
41.4804   0
41.5317   0
41.5829   0
41.6342   0
41.6854   0
41.7366   0
41.7879   0
41.8391   0
41.8904   0
41.9416   0
41.9928   0
42.0441   0
42.0953   0
42.1466   0
42.1978   0
42.249   0
42.3003   0
42.3515   0
42.4028   0
42.454   0
42.5053   0
42.5565   0
42.6077   0
42.659   0
42.7102   0
42.7615   0
42.8127   0
42.8639   0
42.9152   0
42.9664   0
43.0177   0
43.0689   0
43.1201   0
43.1714   0
43.2226   0
43.2739   0
43.3251   0
43.3763   0
43.4276   0
43.4788   0
43.5301   0
43.5813   0
43.6326   0
43.6838   0
43.735   0
43.7863   0
43.8375   0
43.8888   0
43.94   0
43.9912   0
44.0425   0
44.0937   0
44.145   0
44.1962   0
44.2474   0
44.2987   0
44.3499   0
44.4012   0
44.4524   0
44.5037   0
44.5549   0
44.6061   0
44.6574   0
44.7086   0
44.7599   0
44.8111   0
44.8623   0
44.9136   0
44.9648   0
45.0161   0
45.0673   0
45.1185   0
45.1698   0
45.221   0
45.2723   0
45.3235   0
45.3747   0
45.426   0
45.4772   0
45.5285   0
45.5797   0
45.631   0
45.6822   0
45.7334   0
45.7847   0
45.8359   0
45.8872   0
45.9384   0
45.9896   0
46.0409   0
46.0921   0
46.1434   0
46.1946   0
46.2458   0
46.2971   0
46.3483   0
46.3996   0
46.4508   0
46.5021   0
46.5533   0
46.6045   0
46.6558   0
46.707   0
46.7583   0
46.8095   0
46.8607   0
46.912   0
46.9632   0
47.0145   0
47.0657   0
47.1169   0
47.1682   0
47.2194   0
47.2707   0
47.3219   0
47.3732   0
47.4244   0
47.4756   0
47.5269   0
47.5781   0
47.6294   0
47.6806   0
47.7318   0
47.7831   0
47.8343   0
47.8856   0
47.9368   0
47.988   0
48.0393   0
48.0905   0
48.1418   0
48.193   0
48.2442   0
48.2955   0
48.3467   0
48.398   0
48.4492   0
48.5005   0
48.5517   0
48.6029   0
48.6542   0
48.7054   0
48.7567   0
48.8079   0
48.8591   0
48.9104   0
48.9616   0
49.0129   0
49.0641   0
49.1153   0
49.1666   0
49.2178   0
49.2691   0
49.3203   0
49.3716   0
49.4228   0
49.474   0
49.5253   0
49.5765   0
49.6278   0
49.679   0
49.7302   0
49.7815   0
49.8327   0
49.884   0
49.9352   0
49.9864   0
50.0377   0
50.0889   0
50.1402   0
50.1914   0
50.2426   0
50.2939   0
50.3451   0
50.3964   0
50.4476   0
50.4989   0
50.5501   0
50.6013   0
50.6526   0
50.7038   0
50.7551   0
50.8063   0
50.8575   0
50.9088   0
50.96   0
51.0113   0
51.0625   0
51.1137   0
51.165   0
51.2162   0
51.2675   0
51.3187   0
51.37   0
51.4212   0
51.4724   0
51.5237   0
51.5749   0
51.6262   0
51.6774   0
51.7286   0
51.7799   0
51.8311   0
51.8824   0
51.9336   0
51.9848   0
52.0361   0
52.0873   0
52.1386   0
52.1898   0
