1   1.34229e+29
2.12867   6.58177e+28
3.25734   4.48342e+28
4.38601   3.45557e+28
5.51468   2.83865e+28
6.64335   2.42347e+28
7.77202   2.12273e+28
8.90069   1.89341e+28
10.0294   1.71176e+28
11.158   1.56359e+28
12.2867   1.43985e+28
13.4154   1.33449e+28
14.544   1.24332e+28
15.6727   1.16333e+28
16.8014   1.09228e+28
17.9301   1.0285e+28
19.0587   9.7072e+27
20.1874   9.17922e+27
21.3161   8.69317e+27
22.4447   8.24275e+27
23.5734   7.82286e+27
24.7021   7.42937e+27
25.8307   7.05895e+27
26.9594   6.70885e+27
28.0881   6.37685e+27
29.2168   6.06111e+27
30.3454   5.76016e+27
31.4741   5.47277e+27
32.6028   5.19797e+27
33.7314   4.93495e+27
34.8601   4.68306e+27
35.9888   4.44177e+27
37.1174   4.21065e+27
38.2461   3.98933e+27
39.3748   3.77751e+27
40.5035   3.57492e+27
41.6321   3.37029e+27
42.7608   3.14372e+27
43.8895   2.93191e+27
45.0181   2.73394e+27
46.1468   2.54899e+27
47.2755   2.37628e+27
48.4041   2.21507e+27
49.5328   2.06468e+27
50.6615   1.92444e+27
51.7902   1.79374e+27
52.9188   1.67198e+27
54.0475   1.5586e+27
55.1762   1.45306e+27
56.3048   1.35486e+27
57.4335   1.26352e+27
58.5622   1.17857e+27
59.6908   1.0996e+27
60.8195   1.02619e+27
61.9482   9.57964e+26
63.0769   8.94556e+26
64.2055   8.35631e+26
65.3342   7.80872e+26
66.4629   7.29982e+26
67.5915   6.82683e+26
68.7202   6.38717e+26
69.8489   5.97842e+26
70.9775   5.59833e+26
72.1062   5.24483e+26
73.2349   4.91596e+26
74.3636   4.60992e+26
75.4922   4.32504e+26
76.6209   4.05978e+26
77.7496   3.81269e+26
78.8782   3.58244e+26
80.0069   3.3678e+26
81.1356   3.16765e+26
82.2642   2.98091e+26
83.3929   2.80662e+26
84.5216   2.64387e+26
85.6503   2.49184e+26
86.7789   2.34975e+26
87.9076   2.2169e+26
89.0363   2.09261e+26
90.1649   1.9763e+26
91.2936   1.86738e+26
92.4223   1.76535e+26
93.5509   1.66972e+26
94.6796   1.58005e+26
95.8083   1.49593e+26
96.937   1.41696e+26
98.0656   1.34281e+26
99.1943   1.27314e+26
100.323   1.20766e+26
101.452   1.14607e+26
102.58   1.08812e+26
103.709   1.03358e+26
104.838   9.82205e+25
105.966   9.33801e+25
107.095   8.88172e+25
108.224   8.45139e+25
109.352   8.04535e+25
110.481   7.66206e+25
111.61   7.30007e+25
112.738   6.95805e+25
113.867   6.63476e+25
114.996   6.32902e+25
116.124   6.03977e+25
117.253   5.76599e+25
118.382   5.50675e+25
119.51   5.26116e+25
120.639   5.02842e+25
121.768   4.80775e+25
122.896   4.59845e+25
124.025   4.39985e+25
125.154   4.21132e+25
126.282   4.03229e+25
127.411   3.8622e+25
128.54   3.70056e+25
129.668   3.54687e+25
130.797   3.4007e+25
131.926   3.26162e+25
133.054   3.12925e+25
134.183   3.0032e+25
135.312   2.88314e+25
136.44   2.76874e+25
137.569   2.65969e+25
138.698   2.55571e+25
139.826   2.45653e+25
140.955   2.36189e+25
142.084   2.27156e+25
143.212   2.18531e+25
144.341   2.10293e+25
145.47   2.02422e+25
146.598   1.94899e+25
147.727   1.87707e+25
148.856   1.80829e+25
149.984   1.74249e+25
151.113   0
152.242   0
153.37   0
154.499   0
155.628   0
156.756   0
157.885   0
159.014   0
160.142   0
161.271   0
162.4   0
163.528   0
164.657   0
165.786   0
166.914   0
168.043   0
169.172   0
170.301   0
171.429   0
172.558   0
173.687   0
174.815   0
175.944   0
177.073   0
178.201   0
179.33   0
180.459   0
181.587   0
182.716   0
183.845   0
184.973   0
186.102   0
187.231   0
188.359   0
189.488   0
190.617   0
191.745   0
192.874   0
194.003   0
195.131   0
196.26   0
197.389   0
198.517   0
199.646   0
200.775   0
201.903   0
203.032   0
204.161   0
205.289   0
206.418   0
207.547   0
208.675   0
209.804   0
210.933   0
212.061   0
213.19   0
214.319   0
215.447   0
216.576   0
217.705   0
218.833   0
219.962   0
221.091   0
222.219   0
223.348   0
224.477   0
225.605   0
