1   3.05703e+28
1.07189   2.84926e+28
1.14895   2.65882e+28
1.23155   2.48429e+28
1.32009   2.32436e+28
1.41499   2.17782e+28
1.51672   2.04353e+28
1.62576   1.92047e+28
1.74263   1.80768e+28
1.86791   1.70427e+28
2.0022   1.60946e+28
2.14614   1.5225e+28
2.30043   1.44272e+28
2.46581   1.36949e+28
2.64308   1.30226e+28
2.8331   1.2405e+28
3.03677   1.18373e+28
3.25509   1.13152e+28
3.4891   1.08348e+28
3.73994   1.03922e+28
4.00881   9.98412e+27
4.297   9.60745e+27
4.60592   9.25931e+27
4.93705   8.93703e+27
5.29198   8.63817e+27
5.67243   8.36046e+27
6.08022   8.1018e+27
6.51734   7.86026e+27
6.98588   7.63404e+27
7.4881   7.42147e+27
8.02643   7.221e+27
8.60346   7.03121e+27
9.22198   6.85073e+27
9.88496   6.6783e+27
10.5956   6.51271e+27
11.3573   6.35278e+27
12.1738   6.19735e+27
13.049   6.04521e+27
13.9871   5.89511e+27
14.9927   5.74566e+27
16.0705   5.59527e+27
17.2259   5.44214e+27
18.4642   5.2841e+27
19.7917   5.11862e+27
21.2145   4.94274e+27
22.7397   4.75312e+27
24.3744   4.54612e+27
26.1268   4.31809e+27
28.005   4.06582e+27
30.0184   3.78716e+27
32.1764   3.48181e+27
34.4896   3.15209e+27
36.9691   2.80346e+27
39.6269   2.44452e+27
42.4757   2.08631e+27
45.5294   1.74092e+27
48.8025   1.4197e+27
52.311   1.13168e+27
56.0717   8.82446e+26
60.1028   6.73898e+26
64.4236   5.04714e+26
69.0551   3.7124e+26
74.0196   2.68513e+26
79.341   1.91149e+26
85.0449   1.33981e+26
91.1589   9.24337e+25
97.7124   6.26793e+25
104.737   4.16503e+25
112.267   2.69683e+25
120.338   3.05906e+23
128.989   7.12195e+22
138.262   1.8313e+22
148.202   5.15716e+21
158.857   1.58037e+21
170.277   5.24002e+20
182.518   1.87005e+20
195.64   7.14831e+19
209.705   2.91345e+19
224.781   1.26076e+19
240.94   5.30629e+18
258.262   2.53593e+18
276.829   1.27146e+18
296.73   6.66607e+17
318.063   3.64349e+17
340.929   2.07018e+17
365.438   1.21951e+17
391.71   7.42968e+16
419.871   4.67037e+16
450.056   3.02263e+16
482.411   2.00994e+16
517.092   1.37064e+16
554.266   9.56805e+15
594.113   6.82595e+15
636.825   4.96892e+15
682.607   3.6854e+15
731.681   2.78122e+15
784.282   2.13286e+15
840.665   1.66014e+15
901.102   1.3101e+15
965.883   1.0471e+15
1035.32   8.468e+14
1109.75   6.92308e+14
1189.53   5.71724e+14
1275.05   4.76556e+14
1366.72   4.00664e+14
1464.97   3.39554e+14
1570.29   2.89897e+14
1683.18   2.49201e+14
1804.19   2.15581e+14
1933.89   1.87596e+14
2072.92   1.64135e+14
2221.95   1.44333e+14
2381.69   1.27512e+14
2552.91   1.13136e+14
2736.44   1.00777e+14
2933.17   9.00915e+13
3144.04   8.08037e+13
3370.06   7.26888e+13
3612.34   6.55639e+13
3872.04   5.92783e+13
4150.4   5.37085e+13
4448.78   4.87522e+13
4768.61   4.43242e+13
5111.43   4.03539e+13
5478.9   3.67819e+13
5872.79   3.35584e+13
6294.99   3.06413e+13
6747.54   2.79952e+13
7232.63   2.55897e+13
7752.6   2.33989e+13
8309.94   2.14006e+13
8907.35   1.95757e+13
9547.72   1.79072e+13
10234.1   1.63808e+13
10969.9   1.49834e+13
11758.5   1.37038e+13
12603.8   1.25317e+13
13509.9   1.14582e+13
14481.2   1.04749e+13
15522.3   9.5744e+12
16638.2   8.75006e+12
17834.3   7.99573e+12
19116.4   7.30609e+12
20490.7   6.66285e+12
21963.9   6.08697e+12
23542.9   5.56076e+12
25235.4   5.08014e+12
27049.6   4.64134e+12
28994.2   4.24087e+12
31078.7   3.8755e+12
33312.9   3.54229e+12
35707.9   3.23846e+12
38274.9   2.96152e+12
41026.6   2.70911e+12
43976   2.47911e+12
47137.5   2.26955e+12
50526.3   2.07862e+12
54158.7   1.90468e+12
58052.3   1.7462e+12
62225.7   1.60182e+12
66699.2   1.47025e+12
71494.3   1.35034e+12
76634.1   1.24104e+12
82143.4   1.1414e+12
88048.8   1.05053e+12
94378.8   9.67644e+11
101164   8.92025e+11
108437   8.23015e+11
116232   7.60021e+11
124588   7.02501e+11
133545   6.49968e+11
143146   6.01979e+11
153437   5.58134e+11
164468   5.1807e+11
176291   4.81459e+11
188965   4.4801e+11
202550   4.17398e+11
217112   3.89494e+11
232720   3.64025e+11
249451   3.408e+11
267384   3.19647e+11
286607   3.00415e+11
307211   2.8297e+11
329297   2.67197e+11
352971   2.53001e+11
378346   2.40301e+11
405546   2.2904e+11
434701   2.19178e+11
465953   2.107e+11
499451   2.0362e+11
535357   1.97983e+11
573844   1.93878e+11
615099   1.91447e+11
659319   1.90887e+11
706718   1.92434e+11
757525   1.96186e+11
811984   2.01133e+11
870359   1.99025e+11
932930   0.0104941
1e+06   4.74619e+12
