1   9.62846e+22
1.00056   9.60818e+22
1.00111   9.58795e+22
1.00167   9.56777e+22
1.00222   9.54763e+22
1.00278   9.52754e+22
1.00333   9.50749e+22
1.00389   9.48749e+22
1.00445   9.46753e+22
1.005   9.44762e+22
1.00556   9.42775e+22
1.00611   9.40793e+22
1.00667   9.38815e+22
1.00722   9.36841e+22
1.00778   9.34872e+22
1.00833   9.32908e+22
1.00889   9.30948e+22
1.00945   9.28992e+22
1.01   9.27041e+22
1.01056   9.25094e+22
1.01111   9.23151e+22
1.01167   9.21213e+22
1.01222   9.19279e+22
1.01278   9.1735e+22
1.01334   9.15425e+22
1.01389   9.13504e+22
1.01445   9.11588e+22
1.015   9.09675e+22
1.01556   9.07768e+22
1.01611   9.05864e+22
1.01667   9.03965e+22
1.01722   9.0207e+22
1.01778   9.00179e+22
1.01834   8.98293e+22
1.01889   8.9641e+22
1.01945   8.94532e+22
1.02   8.92659e+22
1.02056   8.90789e+22
1.02111   8.88924e+22
1.02167   8.87063e+22
1.02223   8.85206e+22
1.02278   8.83353e+22
1.02334   8.81504e+22
1.02389   8.7966e+22
1.02445   8.77819e+22
1.025   8.75983e+22
1.02556   8.74151e+22
1.02611   8.72323e+22
1.02667   8.705e+22
1.02723   8.6868e+22
1.02778   8.66864e+22
1.02834   8.65053e+22
1.02889   8.63245e+22
1.02945   8.61442e+22
1.03   8.59643e+22
1.03056   8.57847e+22
1.03112   8.56056e+22
1.03167   8.54269e+22
1.03223   8.52486e+22
1.03278   8.50707e+22
1.03334   8.48931e+22
1.03389   8.4716e+22
1.03445   8.45393e+22
1.035   8.4363e+22
1.03556   8.41871e+22
1.03612   8.40115e+22
1.03667   8.38364e+22
1.03723   0
1.03778   0
1.03834   0
1.03889   0
1.03945   0
1.04001   0
1.04056   0
1.04112   0
1.04167   0
1.04223   0
1.04278   0
1.04334   0
1.04389   0
1.04445   0
1.04501   0
1.04556   0
1.04612   0
1.04667   0
1.04723   0
1.04778   0
1.04834   0
1.0489   0
1.04945   0
1.05001   0
1.05056   0
1.05112   0
1.05167   0
1.05223   0
1.05278   0
1.05334   0
1.0539   0
1.05445   0
1.05501   0
1.05556   0
1.05612   0
1.05667   0
1.05723   0
1.05779   0
1.05834   0
1.0589   0
1.05945   0
1.06001   0
1.06056   0
1.06112   0
1.06167   0
1.06223   0
1.06279   0
1.06334   0
1.0639   0
1.06445   0
1.06501   0
1.06556   0
1.06612   0
1.06668   0
1.06723   0
1.06779   0
1.06834   0
1.0689   0
1.06945   0
1.07001   0
1.07056   0
1.07112   0
1.07168   0
1.07223   0
1.07279   0
1.07334   0
1.0739   0
1.07445   0
1.07501   0
1.07557   0
1.07612   0
1.07668   0
1.07723   0
1.07779   0
1.07834   0
1.0789   0
1.07945   0
1.08001   0
1.08057   0
1.08112   0
1.08168   0
1.08223   0
1.08279   0
1.08334   0
1.0839   0
1.08446   0
1.08501   0
1.08557   0
1.08612   0
1.08668   0
1.08723   0
1.08779   0
1.08834   0
1.0889   0
1.08946   0
1.09001   0
1.09057   0
1.09112   0
1.09168   0
1.09223   0
1.09279   0
1.09335   0
1.0939   0
1.09446   0
1.09501   0
1.09557   0
1.09612   0
1.09668   0
1.09724   0
1.09779   0
1.09835   0
1.0989   0
1.09946   0
1.10001   0
1.10057   0
1.10112   0
1.10168   0
1.10224   0
1.10279   0
1.10335   0
1.1039   0
1.10446   0
1.10501   0
1.10557   0
1.10613   0
1.10668   0
1.10724   0
1.10779   0
1.10835   0
1.1089   0
1.10946   0
1.11001   0
1.11057   0
1.11113   0
1.11168   0
1.11224   0
1.11279   0
1.11335   0
1.1139   0
1.11446   0
1.11502   0
1.11557   0
1.11613   0
1.11668   0
1.11724   0
1.11779   0
1.11835   0
1.1189   0
1.11946   0
1.12002   0
1.12057   0
1.12113   0
1.12168   0
1.12224   0
1.12279   0
1.12335   0
1.12391   0
1.12446   0
1.12502   0
1.12557   0
1.12613   0
1.12668   0
1.12724   0
1.12779   0
1.12835   0
1.12891   0
1.12946   0
1.13002   0
1.13057   0
1.13113   0
1.13168   0
1.13224   0
1.1328   0
1.13335   0
1.13391   0
1.13446   0
1.13502   0
1.13557   0
1.13613   0
1.13668   0
1.13724   0
1.1378   0
1.13835   0
1.13891   0
1.13946   0
1.14002   0
1.14057   0
1.14113   0
1.14169   0
1.14224   0
1.1428   0
1.14335   0
1.14391   0
1.14446   0
1.14502   0
1.14557   0
1.14613   0
1.14669   0
1.14724   0
1.1478   0
1.14835   0
1.14891   0
1.14946   0
1.15002   0
1.15058   0
1.15113   0
1.15169   0
1.15224   0
1.1528   0
1.15335   0
1.15391   0
1.15446   0
1.15502   0
1.15558   0
1.15613   0
1.15669   0
1.15724   0
1.1578   0
1.15835   0
1.15891   0
1.15947   0
1.16002   0
1.16058   0
1.16113   0
1.16169   0
1.16224   0
1.1628   0
1.16335   0
1.16391   0
1.16447   0
1.16502   0
1.16558   0
1.16613   0
1.16669   0
1.16724   0
1.1678   0
1.16836   0
1.16891   0
1.16947   0
1.17002   0
1.17058   0
1.17113   0
1.17169   0
1.17224   0
1.1728   0
1.17336   0
1.17391   0
1.17447   0
1.17502   0
1.17558   0
1.17613   0
1.17669   0
1.17725   0
1.1778   0
1.17836   0
1.17891   0
1.17947   0
1.18002   0
1.18058   0
1.18114   0
1.18169   0
1.18225   0
1.1828   0
1.18336   0
1.18391   0
1.18447   0
1.18502   0
1.18558   0
1.18614   0
1.18669   0
1.18725   0
1.1878   0
1.18836   0
1.18891   0
1.18947   0
1.19003   0
1.19058   0
1.19114   0
1.19169   0
1.19225   0
1.1928   0
1.19336   0
1.19391   0
1.19447   0
1.19503   0
1.19558   0
1.19614   0
1.19669   0
1.19725   0
1.1978   0
1.19836   0
1.19892   0
1.19947   0
1.20003   0
1.20058   0
1.20114   0
1.20169   0
1.20225   0
1.2028   0
1.20336   0
1.20392   0
1.20447   0
1.20503   0
1.20558   0
1.20614   0
1.20669   0
1.20725   0
1.20781   0
1.20836   0
1.20892   0
1.20947   0
1.21003   0
1.21058   0
1.21114   0
1.21169   0
1.21225   0
1.21281   0
1.21336   0
1.21392   0
1.21447   0
1.21503   0
1.21558   0
1.21614   0
1.2167   0
1.21725   0
1.21781   0
1.21836   0
1.21892   0
1.21947   0
1.22003   0
1.22058   0
1.22114   0
1.2217   0
1.22225   0
1.22281   0
1.22336   0
1.22392   0
1.22447   0
1.22503   0
1.22559   0
1.22614   0
1.2267   0
1.22725   0
1.22781   0
1.22836   0
1.22892   0
1.22947   0
1.23003   0
1.23059   0
1.23114   0
1.2317   0
1.23225   0
1.23281   0
1.23336   0
1.23392   0
1.23448   0
1.23503   0
1.23559   0
1.23614   0
1.2367   0
1.23725   0
1.23781   0
1.23836   0
1.23892   0
1.23948   0
1.24003   0
1.24059   0
1.24114   0
1.2417   0
1.24225   0
1.24281   0
1.24337   0
1.24392   0
1.24448   0
1.24503   0
1.24559   0
1.24614   0
1.2467   0
1.24725   0
1.24781   0
1.24837   0
1.24892   0
1.24948   0
1.25003   0
1.25059   0
1.25114   0
1.2517   0
1.25226   0
1.25281   0
1.25337   0
1.25392   0
1.25448   0
1.25503   0
1.25559   0
1.25614   0
1.2567   0
1.25726   0
1.25781   0
1.25837   0
1.25892   0
1.25948   0
1.26003   0
1.26059   0
1.26115   0
1.2617   0
1.26226   0
1.26281   0
1.26337   0
1.26392   0
1.26448   0
1.26503   0
1.26559   0
1.26615   0
1.2667   0
1.26726   0
1.26781   0
1.26837   0
1.26892   0
1.26948   0
1.27004   0
1.27059   0
1.27115   0
1.2717   0
1.27226   0
1.27281   0
1.27337   0
1.27393   0
1.27448   0
1.27504   0
1.27559   0
1.27615   0
1.2767   0
1.27726   0
1.27781   0
1.27837   0
1.27893   0
1.27948   0
1.28004   0
1.28059   0
1.28115   0
1.2817   0
1.28226   0
1.28282   0
1.28337   0
1.28393   0
1.28448   0
1.28504   0
1.28559   0
1.28615   0
1.2867   0
1.28726   0
1.28782   0
1.28837   0
1.28893   0
1.28948   0
1.29004   0
1.29059   0
1.29115   0
1.29171   0
1.29226   0
1.29282   0
1.29337   0
1.29393   0
1.29448   0
1.29504   0
1.29559   0
1.29615   0
1.29671   0
1.29726   0
1.29782   0
1.29837   0
1.29893   0
1.29948   0
1.30004   0
1.3006   0
1.30115   0
1.30171   0
1.30226   0
1.30282   0
1.30337   0
1.30393   0
1.30448   0
1.30504   0
1.3056   0
1.30615   0
1.30671   0
1.30726   0
1.30782   0
1.30837   0
1.30893   0
1.30949   0
1.31004   0
1.3106   0
1.31115   0
1.31171   0
1.31226   0
1.31282   0
1.31337   0
1.31393   0
1.31449   0
1.31504   0
1.3156   0
1.31615   0
1.31671   0
1.31726   0
1.31782   0
1.31838   0
1.31893   0
1.31949   0
1.32004   0
1.3206   0
1.32115   0
1.32171   0
1.32226   0
1.32282   0
1.32338   0
1.32393   0
1.32449   0
1.32504   0
1.3256   0
1.32615   0
1.32671   0
1.32727   0
1.32782   0
1.32838   0
1.32893   0
1.32949   0
1.33004   0
1.3306   0
1.33115   0
1.33171   0
1.33227   0
1.33282   0
1.33338   0
1.33393   0
1.33449   0
1.33504   0
1.3356   0
1.33616   0
1.33671   0
1.33727   0
1.33782   0
1.33838   0
1.33893   0
1.33949   0
1.34004   0
1.3406   0
1.34116   0
1.34171   0
1.34227   0
1.34282   0
1.34338   0
1.34393   0
1.34449   0
1.34505   0
1.3456   0
1.34616   0
1.34671   0
1.34727   0
1.34782   0
1.34838   0
1.34893   0
1.34949   0
1.35005   0
1.3506   0
1.35116   0
1.35171   0
1.35227   0
1.35282   0
1.35338   0
1.35394   0
1.35449   0
1.35505   0
1.3556   0
1.35616   0
1.35671   0
1.35727   0
1.35782   0
1.35838   0
1.35894   0
1.35949   0
1.36005   0
1.3606   0
1.36116   0
1.36171   0
1.36227   0
1.36283   0
1.36338   0
1.36394   0
1.36449   0
1.36505   0
1.3656   0
1.36616   0
1.36672   0
1.36727   0
1.36783   0
1.36838   0
1.36894   0
1.36949   0
1.37005   0
1.3706   0
1.37116   0
1.37172   0
1.37227   0
1.37283   0
1.37338   0
1.37394   0
1.37449   0
1.37505   0
1.37561   0
1.37616   0
1.37672   0
1.37727   0
1.37783   0
1.37838   0
1.37894   0
1.37949   0
1.38005   0
1.38061   0
1.38116   0
1.38172   0
1.38227   0
1.38283   0
1.38338   0
1.38394   0
1.3845   0
1.38505   0
1.38561   0
1.38616   0
1.38672   0
1.38727   0
1.38783   0
1.38838   0
1.38894   0
1.3895   0
1.39005   0
1.39061   0
1.39116   0
1.39172   0
1.39227   0
1.39283   0
1.39339   0
1.39394   0
1.3945   0
1.39505   0
1.39561   0
1.39616   0
1.39672   0
1.39727   0
1.39783   0
1.39839   0
1.39894   0
1.3995   0
1.40005   0
1.40061   0
1.40116   0
1.40172   0
1.40228   0
1.40283   0
1.40339   0
1.40394   0
1.4045   0
1.40505   0
1.40561   0
1.40616   0
1.40672   0
1.40728   0
1.40783   0
1.40839   0
1.40894   0
1.4095   0
1.41005   0
1.41061   0
1.41117   0
1.41172   0
1.41228   0
1.41283   0
1.41339   0
1.41394   0
1.4145   0
1.41505   0
1.41561   0
1.41617   0
1.41672   0
1.41728   0
1.41783   0
1.41839   0
1.41894   0
1.4195   0
1.42006   0
1.42061   0
1.42117   0
1.42172   0
1.42228   0
1.42283   0
1.42339   0
1.42394   0
1.4245   0
1.42506   0
1.42561   0
1.42617   0
1.42672   0
1.42728   0
1.42783   0
1.42839   0
1.42895   0
1.4295   0
1.43006   0
1.43061   0
1.43117   0
1.43172   0
1.43228   0
1.43283   0
1.43339   0
1.43395   0
1.4345   0
1.43506   0
1.43561   0
1.43617   0
1.43672   0
1.43728   0
1.43784   0
1.43839   0
1.43895   0
1.4395   0
1.44006   0
1.44061   0
1.44117   0
1.44172   0
1.44228   0
1.44284   0
1.44339   0
1.44395   0
1.4445   0
1.44506   0
1.44561   0
1.44617   0
1.44673   0
1.44728   0
1.44784   0
1.44839   0
1.44895   0
1.4495   0
1.45006   0
1.45062   0
1.45117   0
1.45173   0
1.45228   0
1.45284   0
1.45339   0
1.45395   0
1.4545   0
1.45506   0
1.45562   0
1.45617   0
1.45673   0
1.45728   0
1.45784   0
1.45839   0
1.45895   0
1.45951   0
1.46006   0
1.46062   0
1.46117   0
1.46173   0
1.46228   0
1.46284   0
1.46339   0
1.46395   0
1.46451   0
1.46506   0
1.46562   0
1.46617   0
1.46673   0
1.46728   0
1.46784   0
1.4684   0
1.46895   0
1.46951   0
1.47006   0
1.47062   0
1.47117   0
1.47173   0
1.47228   0
1.47284   0
1.4734   0
1.47395   0
1.47451   0
1.47506   0
1.47562   0
1.47617   0
1.47673   0
1.47729   0
1.47784   0
1.4784   0
1.47895   0
1.47951   0
1.48006   0
1.48062   0
1.48117   0
1.48173   0
1.48229   0
1.48284   0
1.4834   0
1.48395   0
1.48451   0
1.48506   0
1.48562   0
1.48618   0
1.48673   0
1.48729   0
1.48784   0
1.4884   0
1.48895   0
1.48951   0
1.49006   0
1.49062   0
1.49118   0
1.49173   0
1.49229   0
1.49284   0
1.4934   0
1.49395   0
1.49451   0
1.49507   0
1.49562   0
1.49618   0
1.49673   0
1.49729   0
1.49784   0
1.4984   0
1.49895   0
1.49951   0
1.50007   0
1.50062   0
1.50118   0
1.50173   0
1.50229   0
1.50284   0
1.5034   0
1.50396   0
1.50451   0
1.50507   0
1.50562   0
1.50618   0
1.50673   0
1.50729   0
1.50784   0
1.5084   0
1.50896   0
1.50951   0
1.51007   0
1.51062   0
1.51118   0
1.51173   0
1.51229   0
1.51285   0
1.5134   0
1.51396   0
1.51451   0
1.51507   0
1.51562   0
1.51618   0
1.51673   0
1.51729   0
1.51785   0
1.5184   0
1.51896   0
1.51951   0
1.52007   0
1.52062   0
1.52118   0
1.52174   0
1.52229   0
1.52285   0
1.5234   0
1.52396   0
1.52451   0
1.52507   0
1.52562   0
1.52618   0
1.52674   0
1.52729   0
1.52785   0
1.5284   0
1.52896   0
1.52951   0
1.53007   0
1.53063   0
1.53118   0
1.53174   0
1.53229   0
1.53285   0
1.5334   0
1.53396   0
1.53451   0
1.53507   0
1.53563   0
1.53618   0
1.53674   0
1.53729   0
1.53785   0
1.5384   0
1.53896   0
1.53952   0
1.54007   0
1.54063   0
1.54118   0
1.54174   0
1.54229   0
1.54285   0
1.54341   0
1.54396   0
1.54452   0
1.54507   0
1.54563   0
1.54618   0
1.54674   0
1.54729   0
1.54785   0
1.54841   0
1.54896   0
1.54952   0
1.55007   0
1.55063   0
1.55118   0
1.55174   0
1.5523   0
1.55285   0
1.55341   0
1.55396   0
1.55452   0
1.55507   0
