1   3.10513e+28
1.12474   2.7744e+28
1.24948   2.50927e+28
1.37422   2.29217e+28
1.49896   2.11124e+28
1.6237   1.9582e+28
1.74844   1.82707e+28
1.87318   1.71348e+28
1.99792   1.61412e+28
2.12266   1.52647e+28
2.2474   1.44856e+28
2.37215   1.37885e+28
2.49689   1.3161e+28
2.62163   1.25929e+28
2.74637   1.20762e+28
2.87111   1.16041e+28
2.99585   1.1171e+28
3.12059   1.07721e+28
3.24533   1.04035e+28
3.37007   1.00618e+28
3.49481   9.74399e+27
3.61955   9.44772e+27
3.74429   9.17077e+27
3.86903   8.91125e+27
3.99377   8.66754e+27
4.11851   8.43818e+27
4.24325   8.22191e+27
4.36799   8.01759e+27
4.49273   7.82424e+27
4.61747   7.64095e+27
4.74221   7.46694e+27
4.86696   7.30148e+27
4.9917   7.14395e+27
5.11644   6.99375e+27
5.24118   6.85036e+27
5.36592   6.71331e+27
5.49066   6.58217e+27
5.6154   6.45654e+27
5.74014   6.33606e+27
5.86488   6.22042e+27
5.98962   6.10929e+27
6.11436   6.00242e+27
6.2391   5.89953e+27
6.36384   5.80041e+27
6.48858   5.70483e+27
6.61332   5.6126e+27
6.73806   5.52352e+27
6.8628   5.43743e+27
6.98754   5.35416e+27
7.11228   5.27357e+27
7.23702   5.19553e+27
7.36176   5.11989e+27
7.48651   5.04654e+27
7.61125   4.97537e+27
7.73599   4.90627e+27
7.86073   4.83915e+27
7.98547   4.77391e+27
8.11021   4.71046e+27
8.23495   4.64872e+27
8.35969   4.58862e+27
8.48443   4.53008e+27
8.60917   4.47304e+27
8.73391   4.41742e+27
8.85865   4.36318e+27
8.98339   4.31024e+27
9.10813   4.25857e+27
9.23287   4.2081e+27
9.35761   4.15879e+27
9.48235   4.11059e+27
9.60709   4.06346e+27
9.73183   4.01735e+27
9.85657   3.97223e+27
9.98131   3.92806e+27
10.1061   3.8848e+27
10.2308   3.84242e+27
10.3555   3.80089e+27
10.4803   3.76017e+27
10.605   3.72024e+27
10.7298   3.68106e+27
10.8545   3.64262e+27
10.9792   3.60489e+27
11.104   3.56783e+27
11.2287   3.53143e+27
11.3535   3.49567e+27
11.4782   3.46053e+27
11.6029   3.42597e+27
11.7277   3.39199e+27
11.8524   3.35857e+27
11.9772   3.32568e+27
12.1019   3.29332e+27
12.2266   3.26146e+27
12.3514   3.23008e+27
12.4761   3.19918e+27
12.6009   3.16874e+27
12.7256   3.13874e+27
12.8503   3.10917e+27
12.9751   3.08001e+27
13.0998   3.05127e+27
13.2246   3.02291e+27
13.3493   2.99494e+27
13.474   2.96734e+27
13.5988   2.9401e+27
13.7235   2.91321e+27
13.8483   2.88666e+27
13.973   2.86044e+27
14.0978   2.83454e+27
14.2225   2.80895e+27
14.3472   2.78367e+27
14.472   2.75868e+27
14.5967   2.73398e+27
14.7215   2.70956e+27
14.8462   2.68541e+27
14.9709   2.66154e+27
15.0957   2.63792e+27
15.2204   2.61455e+27
15.3452   2.59143e+27
15.4699   2.56855e+27
15.5946   2.54591e+27
15.7194   2.52349e+27
15.8441   2.5013e+27
15.9689   2.47933e+27
16.0936   2.45757e+27
16.2183   2.43602e+27
16.3431   2.41467e+27
16.4678   2.39353e+27
16.5926   2.37258e+27
16.7173   2.35182e+27
16.842   2.33124e+27
16.9668   2.31086e+27
17.0915   2.29065e+27
17.2163   2.27061e+27
17.341   2.25075e+27
17.4657   2.23106e+27
17.5905   2.21154e+27
17.7152   2.19217e+27
17.84   2.17297e+27
17.9647   2.15393e+27
18.0894   2.13504e+27
18.2142   2.1163e+27
18.3389   2.09771e+27
18.4637   2.07926e+27
18.5884   2.06097e+27
18.7131   2.04281e+27
18.8379   2.02479e+27
18.9626   2.00692e+27
19.0874   1.98917e+27
19.2121   1.97157e+27
19.3369   1.95409e+27
19.4616   1.93675e+27
19.5863   1.91953e+27
19.7111   1.90244e+27
19.8358   1.88548e+27
19.9606   1.86864e+27
20.0853   1.85192e+27
20.21   1.83533e+27
20.3348   1.81885e+27
20.4595   1.8025e+27
20.5843   1.78626e+27
20.709   1.77014e+27
20.8337   1.75413e+27
20.9585   1.73824e+27
21.0832   1.72246e+27
21.208   1.70679e+27
21.3327   1.69124e+27
21.4574   1.67579e+27
21.5822   1.66045e+27
21.7069   1.64523e+27
21.8317   1.63011e+27
21.9564   1.6151e+27
22.0811   1.60019e+27
22.2059   1.58539e+27
22.3306   1.5707e+27
22.4554   1.55611e+27
22.5801   1.54162e+27
22.7048   1.52724e+27
22.8296   1.51296e+27
22.9543   1.49878e+27
23.0791   1.48311e+27
23.2038   1.4652e+27
23.3285   1.44749e+27
23.4533   1.42999e+27
23.578   1.41269e+27
23.7028   1.39559e+27
23.8275   1.37868e+27
23.9522   1.36197e+27
24.077   1.34545e+27
24.2017   1.32913e+27
24.3265   1.31298e+27
24.4512   1.29703e+27
24.576   1.28126e+27
24.7007   1.26567e+27
24.8254   1.25026e+27
24.9502   1.23502e+27
25.0749   1.21996e+27
25.1997   1.20508e+27
25.3244   1.19036e+27
25.4491   1.17582e+27
25.5739   1.16144e+27
25.6986   1.14723e+27
25.8234   1.13319e+27
25.9481   1.1193e+27
26.0728   1.10558e+27
26.1976   1.09202e+27
26.3223   1.07861e+27
26.4471   1.06536e+27
26.5718   1.05226e+27
26.6965   1.03932e+27
26.8213   1.02652e+27
26.946   1.01388e+27
27.0708   1.00138e+27
27.1955   9.89029e+26
27.3202   9.76823e+26
27.445   9.6476e+26
27.5697   9.52839e+26
27.6945   9.41058e+26
27.8192   9.29416e+26
27.9439   9.17911e+26
28.0687   9.06543e+26
28.1934   8.95309e+26
28.3182   8.84208e+26
28.4429   8.73239e+26
28.5676   8.624e+26
28.6924   8.51691e+26
28.8171   8.4111e+26
28.9419   8.30655e+26
29.0666   8.20325e+26
29.1913   8.10119e+26
29.3161   8.00036e+26
29.4408   7.90074e+26
29.5656   7.80232e+26
29.6903   7.7051e+26
29.8151   7.60904e+26
29.9398   7.51416e+26
30.0645   7.42042e+26
30.1893   7.32782e+26
30.314   7.23635e+26
30.4388   7.146e+26
30.5635   7.05675e+26
30.6882   6.96859e+26
30.813   6.88152e+26
30.9377   6.79551e+26
31.0625   6.71056e+26
31.1872   6.62666e+26
31.3119   6.54379e+26
31.4367   6.46195e+26
31.5614   6.38112e+26
31.6862   6.30129e+26
31.8109   6.22245e+26
31.9356   6.1446e+26
32.0604   6.06771e+26
32.1851   5.99178e+26
32.3099   5.9168e+26
32.4346   5.84276e+26
32.5593   5.76965e+26
32.6841   5.69745e+26
32.8088   5.62616e+26
32.9336   5.55576e+26
33.0583   5.48626e+26
33.183   5.41762e+26
33.3078   5.34986e+26
33.4325   5.28295e+26
33.5573   5.21689e+26
33.682   5.15167e+26
33.8067   5.08727e+26
33.9315   5.02369e+26
34.0562   4.96092e+26
34.181   4.89895e+26
34.3057   4.83777e+26
34.4305   4.77737e+26
34.5552   4.71775e+26
34.6799   4.65888e+26
34.8047   4.60077e+26
34.9294   4.5434e+26
35.0542   4.48677e+26
35.1789   4.43087e+26
35.3036   4.37568e+26
35.4284   4.32121e+26
35.5531   4.26743e+26
35.6779   4.21435e+26
35.8026   4.16195e+26
35.9273   4.11023e+26
36.0521   4.05918e+26
36.1768   4.00878e+26
36.3016   3.95904e+26
36.4263   3.90994e+26
36.551   3.86148e+26
36.6758   3.81365e+26
36.8005   3.76643e+26
36.9253   3.71983e+26
37.05   3.67383e+26
37.1747   3.62844e+26
37.2995   3.58363e+26
37.4242   3.5394e+26
37.549   3.49575e+26
37.6737   3.45267e+26
37.7984   3.41014e+26
37.9232   3.36818e+26
38.0479   3.32676e+26
38.1727   3.28587e+26
38.2974   3.24553e+26
38.4221   3.2057e+26
38.5469   3.1664e+26
38.6716   3.12761e+26
38.7964   3.08933e+26
38.9211   3.05155e+26
39.0458   3.01426e+26
39.1706   2.97745e+26
39.2953   2.94113e+26
39.4201   2.90528e+26
39.5448   2.86991e+26
39.6696   2.83499e+26
39.7943   2.80053e+26
39.919   2.76652e+26
40.0438   2.73295e+26
40.1685   2.69983e+26
40.2933   2.66713e+26
40.418   2.63487e+26
40.5427   2.60302e+26
40.6675   2.57159e+26
40.7922   2.54058e+26
40.917   2.50996e+26
41.0417   2.47975e+26
41.1664   2.44993e+26
41.2912   2.4205e+26
41.4159   2.39146e+26
41.5407   2.3628e+26
41.6654   2.3345e+26
41.7901   2.30658e+26
41.9149   2.27903e+26
42.0396   2.25183e+26
42.1644   2.22498e+26
42.2891   2.19849e+26
42.4138   2.17234e+26
42.5386   2.14653e+26
42.6633   2.12106e+26
42.7881   2.09592e+26
42.9128   2.07111e+26
43.0375   2.04662e+26
43.1623   2.02245e+26
43.287   1.99859e+26
43.4118   1.97504e+26
43.5365   1.9518e+26
43.6612   1.92886e+26
43.786   1.90621e+26
43.9107   1.88386e+26
44.0355   1.8618e+26
44.1602   1.84003e+26
44.2849   1.81854e+26
44.4097   1.79732e+26
44.5344   1.77638e+26
44.6592   1.75571e+26
44.7839   1.73531e+26
44.9087   1.71517e+26
45.0334   1.69529e+26
45.1581   1.67566e+26
45.2829   1.65629e+26
45.4076   1.63717e+26
45.5324   1.61829e+26
45.6571   1.59966e+26
45.7818   1.58126e+26
45.9066   1.56311e+26
46.0313   1.54518e+26
46.1561   1.52748e+26
46.2808   1.51001e+26
46.4055   1.49277e+26
46.5303   1.47574e+26
46.655   1.45894e+26
46.7798   1.44234e+26
46.9045   1.42596e+26
47.0292   1.40979e+26
47.154   1.39382e+26
47.2787   1.37805e+26
47.4035   1.36249e+26
47.5282   1.34712e+26
47.6529   1.33195e+26
47.7777   1.31697e+26
47.9024   1.30218e+26
48.0272   1.28758e+26
48.1519   1.27316e+26
48.2766   1.25893e+26
48.4014   1.24487e+26
48.5261   1.23099e+26
48.6509   1.21729e+26
48.7756   1.20375e+26
48.9003   1.19039e+26
49.0251   1.1772e+26
49.1498   1.16417e+26
49.2746   1.1513e+26
49.3993   1.1386e+26
49.524   1.12605e+26
49.6488   1.11366e+26
49.7735   1.10143e+26
49.8983   1.08935e+26
50.023   1.07742e+26
50.1478   1.06563e+26
50.2725   1.054e+26
50.3972   1.0425e+26
50.522   1.03115e+26
50.6467   1.01994e+26
50.7715   1.00887e+26
50.8962   9.97939e+25
51.0209   9.8714e+25
51.1457   9.76474e+25
51.2704   9.65939e+25
51.3952   9.55535e+25
51.5199   9.45258e+25
51.6446   9.35107e+25
51.7694   9.2508e+25
51.8941   9.15176e+25
52.0189   9.05394e+25
52.1436   8.95731e+25
52.2683   8.86185e+25
52.3931   8.76757e+25
52.5178   8.67443e+25
52.6426   8.58242e+25
52.7673   8.49153e+25
52.892   8.40174e+25
53.0168   8.31304e+25
53.1415   8.22541e+25
53.2663   8.13884e+25
53.391   8.05332e+25
53.5157   7.96882e+25
53.6405   7.88535e+25
53.7652   7.80288e+25
53.89   7.7214e+25
54.0147   7.64089e+25
54.1394   7.56136e+25
54.2642   7.48277e+25
54.3889   7.40512e+25
54.5137   7.3284e+25
54.6384   7.25259e+25
54.7631   7.17769e+25
54.8879   7.10368e+25
55.0126   7.03054e+25
55.1374   6.95828e+25
55.2621   6.88686e+25
55.3869   6.8163e+25
55.5116   6.74657e+25
55.6363   6.67766e+25
55.7611   6.60956e+25
55.8858   6.54226e+25
56.0106   6.47576e+25
56.1353   6.41003e+25
56.26   6.34508e+25
56.3848   6.28088e+25
56.5095   6.21744e+25
56.6343   6.15474e+25
56.759   6.09277e+25
56.8837   6.03152e+25
57.0085   5.97098e+25
57.1332   5.91114e+25
57.258   5.852e+25
57.3827   5.79355e+25
57.5074   5.73577e+25
57.6322   5.67866e+25
57.7569   5.6222e+25
57.8817   5.5664e+25
58.0064   5.51124e+25
58.1311   5.45671e+25
58.2559   5.40281e+25
58.3806   5.34953e+25
58.5054   5.29685e+25
58.6301   5.24478e+25
58.7548   5.1933e+25
58.8796   5.14241e+25
59.0043   5.0921e+25
59.1291   5.04236e+25
59.2538   4.99318e+25
59.3785   4.94456e+25
59.5033   4.8965e+25
59.628   4.84897e+25
59.7528   4.80198e+25
59.8775   4.75552e+25
60.0022   4.70959e+25
60.127   4.66417e+25
60.2517   4.61926e+25
60.3765   4.57485e+25
60.5012   4.53094e+25
60.626   4.48752e+25
60.7507   4.44459e+25
60.8754   4.40213e+25
61.0002   4.36015e+25
61.1249   4.31863e+25
61.2497   4.27757e+25
61.3744   4.23697e+25
61.4991   4.19682e+25
61.6239   4.15711e+25
61.7486   4.11784e+25
61.8734   4.07901e+25
61.9981   4.0406e+25
62.1228   4.00261e+25
62.2476   3.96504e+25
62.3723   3.92788e+25
62.4971   3.89113e+25
62.6218   3.85478e+25
62.7465   3.81882e+25
62.8713   3.78326e+25
62.996   3.74809e+25
63.1208   3.71329e+25
63.2455   3.67888e+25
63.3702   3.64484e+25
63.495   3.61116e+25
63.6197   3.57785e+25
63.7445   3.5449e+25
63.8692   3.51231e+25
63.9939   3.48006e+25
64.1187   3.44816e+25
64.2434   3.41661e+25
64.3682   3.38539e+25
64.4929   3.3545e+25
64.6176   3.32395e+25
64.7424   3.29372e+25
64.8671   3.26382e+25
64.9919   3.23423e+25
65.1166   3.20495e+25
65.2414   3.17599e+25
65.3661   3.14733e+25
65.4908   3.11898e+25
65.6156   3.09093e+25
65.7403   3.06317e+25
65.8651   3.0357e+25
65.9898   3.00853e+25
66.1145   2.98163e+25
66.2393   2.95502e+25
66.364   2.92869e+25
66.4888   2.90264e+25
66.6135   2.87685e+25
66.7382   2.85134e+25
66.863   2.82609e+25
66.9877   2.8011e+25
67.1125   2.77638e+25
67.2372   2.75191e+25
67.3619   2.72769e+25
67.4867   2.70372e+25
67.6114   2.68e+25
67.7362   2.65653e+25
67.8609   2.63329e+25
67.9856   2.6103e+25
68.1104   2.58754e+25
68.2351   2.56502e+25
68.3599   2.54272e+25
68.4846   2.52066e+25
68.6093   2.49881e+25
68.7341   2.47719e+25
68.8588   2.4558e+25
68.9836   2.43461e+25
69.1083   2.41365e+25
69.233   2.39289e+25
69.3578   2.37235e+25
69.4825   2.35201e+25
69.6073   2.33188e+25
69.732   2.31195e+25
69.8567   2.29223e+25
69.9815   2.2727e+25
70.1062   2.25336e+25
70.231   2.23422e+25
70.3557   2.21527e+25
70.4805   2.19652e+25
70.6052   2.17794e+25
70.7299   2.15956e+25
70.8547   2.14135e+25
70.9794   2.12333e+25
71.1042   2.10549e+25
71.2289   2.08782e+25
71.3536   2.07033e+25
71.4784   2.05301e+25
71.6031   2.03586e+25
71.7279   2.01888e+25
71.8526   2.00206e+25
71.9773   1.98541e+25
72.1021   1.96893e+25
72.2268   1.95261e+25
72.3516   1.93644e+25
72.4763   1.92044e+25
72.601   1.90459e+25
72.7258   1.88889e+25
72.8505   1.87335e+25
72.9753   1.85796e+25
73.1   1.84272e+25
73.2247   1.82762e+25
73.3495   1.81267e+25
73.4742   1.79787e+25
73.599   1.78321e+25
73.7237   1.76869e+25
73.8484   1.7543e+25
73.9732   1.74006e+25
74.0979   1.72596e+25
74.2227   1.71198e+25
74.3474   1.69815e+25
74.4721   1.68444e+25
74.5969   1.67087e+25
74.7216   1.65742e+25
74.8464   1.64411e+25
74.9711   1.63091e+25
75.0958   1.61785e+25
75.2206   1.60491e+25
75.3453   1.59209e+25
75.4701   1.57939e+25
75.5948   1.56681e+25
75.7196   1.55435e+25
75.8443   1.54201e+25
75.969   1.52978e+25
76.0938   1.51767e+25
76.2185   1.50567e+25
76.3433   1.49378e+25
76.468   1.482e+25
76.5927   1.47034e+25
76.7175   1.45878e+25
76.8422   1.44733e+25
76.967   1.43599e+25
77.0917   1.42475e+25
77.2164   1.41361e+25
77.3412   1.40258e+25
77.4659   1.39165e+25
77.5907   1.38083e+25
77.7154   1.3701e+25
77.8401   1.35947e+25
77.9649   1.34893e+25
78.0896   1.3385e+25
78.2144   1.32816e+25
78.3391   1.31791e+25
78.4638   1.30776e+25
78.5886   1.2977e+25
78.7133   1.28773e+25
78.8381   1.27786e+25
78.9628   1.26807e+25
79.0875   1.25837e+25
79.2123   1.24876e+25
79.337   1.23924e+25
79.4618   1.2298e+25
79.5865   1.22045e+25
79.7112   1.21118e+25
79.836   1.20199e+25
79.9607   1.19289e+25
80.0855   1.18387e+25
80.2102   1.17493e+25
80.3349   1.16607e+25
80.4597   1.15729e+25
80.5844   1.14859e+25
80.7092   1.13997e+25
80.8339   1.13142e+25
80.9587   1.12295e+25
81.0834   1.11455e+25
81.2081   1.10623e+25
81.3329   1.09798e+25
81.4576   1.08981e+25
81.5824   1.0817e+25
81.7071   1.07367e+25
81.8318   1.06571e+25
81.9566   1.05782e+25
82.0813   1.05e+25
82.2061   1.04225e+25
82.3308   1.03456e+25
82.4555   1.02694e+25
82.5803   1.01939e+25
82.705   1.01191e+25
82.8298   1.00449e+25
82.9545   9.97131e+24
83.0792   9.8984e+24
83.204   9.82612e+24
83.3287   9.75446e+24
83.4535   9.68343e+24
83.5782   9.61301e+24
83.7029   9.54319e+24
83.8277   0
83.9524   0
84.0772   0
84.2019   0
84.3266   0
84.4514   0
84.5761   0
84.7009   0
84.8256   0
84.9503   0
85.0751   0
85.1998   0
85.3246   0
85.4493   0
85.574   0
85.6988   0
85.8235   0
85.9483   0
86.073   0
86.1978   0
86.3225   0
86.4472   0
86.572   0
86.6967   0
86.8215   0
86.9462   0
87.0709   0
87.1957   0
87.3204   0
87.4452   0
87.5699   0
87.6946   0
87.8194   0
87.9441   0
88.0689   0
88.1936   0
88.3183   0
88.4431   0
88.5678   0
88.6926   0
88.8173   0
88.942   0
89.0668   0
89.1915   0
89.3163   0
89.441   0
89.5657   0
89.6905   0
89.8152   0
89.94   0
90.0647   0
90.1894   0
90.3142   0
90.4389   0
90.5637   0
90.6884   0
90.8131   0
90.9379   0
91.0626   0
91.1874   0
91.3121   0
91.4369   0
91.5616   0
91.6863   0
91.8111   0
91.9358   0
92.0606   0
92.1853   0
92.31   0
92.4348   0
92.5595   0
92.6843   0
92.809   0
92.9337   0
93.0585   0
93.1832   0
93.308   0
93.4327   0
93.5574   0
93.6822   0
93.8069   0
93.9317   0
94.0564   0
94.1811   0
94.3059   0
94.4306   0
94.5554   0
94.6801   0
94.8048   0
94.9296   0
95.0543   0
95.1791   0
95.3038   0
95.4285   0
95.5533   0
95.678   0
95.8028   0
95.9275   0
96.0523   0
96.177   0
96.3017   0
96.4265   0
96.5512   0
96.676   0
96.8007   0
96.9254   0
97.0502   0
97.1749   0
97.2997   0
97.4244   0
97.5491   0
97.6739   0
97.7986   0
97.9234   0
98.0481   0
98.1728   0
98.2976   0
98.4223   0
98.5471   0
98.6718   0
98.7965   0
98.9213   0
99.046   0
99.1708   0
99.2955   0
99.4202   0
99.545   0
99.6697   0
99.7945   0
99.9192   0
100.044   0
100.169   0
100.293   0
100.418   0
100.543   0
100.668   0
100.792   0
100.917   0
101.042   0
101.167   0
101.291   0
101.416   0
101.541   0
101.666   0
101.79   0
101.915   0
102.04   0
102.165   0
102.289   0
102.414   0
102.539   0
102.663   0
102.788   0
102.913   0
103.038   0
103.162   0
103.287   0
103.412   0
103.537   0
103.661   0
103.786   0
103.911   0
104.036   0
104.16   0
104.285   0
104.41   0
104.535   0
104.659   0
104.784   0
104.909   0
105.034   0
105.158   0
105.283   0
105.408   0
105.533   0
105.657   0
105.782   0
105.907   0
106.031   0
106.156   0
106.281   0
106.406   0
106.53   0
106.655   0
106.78   0
106.905   0
107.029   0
107.154   0
107.279   0
107.404   0
107.528   0
107.653   0
107.778   0
107.903   0
108.027   0
108.152   0
108.277   0
108.402   0
108.526   0
108.651   0
108.776   0
108.901   0
109.025   0
109.15   0
109.275   0
109.399   0
109.524   0
109.649   0
109.774   0
109.898   0
110.023   0
110.148   0
110.273   0
110.397   0
110.522   0
110.647   0
110.772   0
110.896   0
111.021   0
111.146   0
111.271   0
111.395   0
111.52   0
111.645   0
111.77   0
111.894   0
112.019   0
112.144   0
112.269   0
112.393   0
112.518   0
112.643   0
112.767   0
112.892   0
113.017   0
113.142   0
113.266   0
113.391   0
113.516   0
113.641   0
113.765   0
113.89   0
114.015   0
114.14   0
114.264   0
114.389   0
114.514   0
114.639   0
114.763   0
114.888   0
115.013   0
115.138   0
115.262   0
115.387   0
115.512   0
115.637   0
115.761   0
115.886   0
116.011   0
116.135   0
116.26   0
116.385   0
116.51   0
116.634   0
116.759   0
116.884   0
117.009   0
117.133   0
117.258   0
117.383   0
117.508   0
117.632   0
117.757   0
117.882   0
118.007   0
118.131   0
118.256   0
118.381   0
118.506   0
118.63   0
118.755   0
118.88   0
119.004   0
119.129   0
119.254   0
119.379   0
119.503   0
119.628   0
119.753   0
119.878   0
120.002   0
120.127   0
120.252   0
120.377   0
120.501   0
120.626   0
120.751   0
120.876   0
121   0
121.125   0
121.25   0
121.375   0
121.499   0
121.624   0
121.749   0
121.874   0
121.998   0
122.123   0
122.248   0
122.372   0
122.497   0
122.622   0
122.747   0
122.871   0
122.996   0
123.121   0
123.246   0
123.37   0
123.495   0
123.62   0
123.745   0
123.869   0
123.994   0
124.119   0
124.244   0
124.368   0
124.493   0
124.618   0
124.743   0
124.867   0
124.992   0
125.117   0
125.242   0
125.366   0
125.491   0
125.616   0
