1   2.00897e+25
1.00573   1.99704e+25
1.01146   1.98523e+25
1.01718   1.97354e+25
1.02291   1.96197e+25
1.02864   1.9505e+25
1.03437   1.93915e+25
1.0401   1.92792e+25
1.04582   1.91679e+25
1.05155   1.90576e+25
1.05728   1.89484e+25
1.06301   1.88402e+25
1.06874   1.87331e+25
1.07446   1.86269e+25
1.08019   1.85218e+25
1.08592   1.84176e+25
1.09165   1.83143e+25
1.09738   1.8212e+25
1.1031   1.81106e+25
1.10883   1.80101e+25
1.11456   1.79105e+25
1.12029   1.78117e+25
1.12602   1.77138e+25
1.13174   1.76168e+25
1.13747   1.75206e+25
1.1432   1.74253e+25
1.14893   1.73307e+25
1.15466   1.72369e+25
1.16038   1.7144e+25
1.16611   1.70518e+25
1.17184   1.69603e+25
1.17757   1.68696e+25
1.1833   1.67797e+25
1.18902   1.66905e+25
1.19475   1.66019e+25
1.20048   1.65141e+25
1.20621   1.6427e+25
1.21194   1.63406e+25
1.21766   1.62549e+25
1.22339   1.61698e+25
1.22912   1.60854e+25
1.23485   1.59858e+25
1.24058   1.5866e+25
1.2463   1.57475e+25
1.25203   1.56301e+25
1.25776   1.5514e+25
1.26349   1.53992e+25
1.26922   1.52854e+25
1.27494   1.51729e+25
1.28067   1.50615e+25
1.2864   1.49512e+25
1.29213   1.48421e+25
1.29786   1.4734e+25
1.30358   1.4627e+25
1.30931   1.45211e+25
1.31504   1.44162e+25
1.32077   1.43124e+25
1.3265   1.42095e+25
1.33222   1.41077e+25
1.33795   1.40068e+25
1.34368   1.3907e+25
1.34941   1.3808e+25
1.35514   1.371e+25
1.36086   1.3613e+25
1.36659   1.35168e+25
1.37232   1.34216e+25
1.37805   1.33272e+25
1.38378   1.32338e+25
1.3895   1.31411e+25
1.39523   1.30494e+25
1.40096   1.29584e+25
1.40669   1.28683e+25
1.41242   1.27791e+25
1.41814   1.26906e+25
1.42387   1.26029e+25
1.4296   1.2516e+25
1.43533   1.24298e+25
1.44106   1.23445e+25
1.44678   1.22599e+25
1.45251   1.2176e+25
1.45824   1.20928e+25
1.46397   1.20104e+25
1.4697   1.19287e+25
1.47542   1.18477e+25
1.48115   1.17673e+25
1.48688   1.16877e+25
1.49261   1.16087e+25
1.49834   1.15304e+25
1.50406   1.14528e+25
1.50979   1.13758e+25
1.51552   1.12994e+25
1.52125   1.12237e+25
1.52698   1.11486e+25
1.5327   1.10741e+25
1.53843   1.10003e+25
1.54416   1.0927e+25
1.54989   1.08543e+25
1.55562   1.07822e+25
1.56134   1.07107e+25
1.56707   1.06398e+25
1.5728   1.05694e+25
1.57853   1.04996e+25
1.58426   1.04304e+25
1.58998   1.03616e+25
1.59571   1.02935e+25
1.60144   1.02258e+25
1.60717   1.01587e+25
1.61289   1.00921e+25
1.61862   1.0026e+25
1.62435   9.96045e+24
1.63008   9.89537e+24
1.63581   9.8308e+24
1.64153   9.76671e+24
1.64726   9.70311e+24
1.65299   9.63999e+24
1.65872   9.57734e+24
1.66445   9.51517e+24
1.67017   9.45345e+24
1.6759   9.3922e+24
1.68163   9.3314e+24
1.68736   9.27104e+24
1.69309   9.21114e+24
1.69881   9.15167e+24
1.70454   9.09263e+24
1.71027   9.03402e+24
1.716   8.97584e+24
1.72173   8.91808e+24
1.72745   8.86074e+24
1.73318   8.80381e+24
1.73891   8.74728e+24
1.74464   8.69116e+24
1.75037   8.63544e+24
1.75609   8.58012e+24
1.76182   8.52518e+24
1.76755   8.47063e+24
1.77328   8.41647e+24
1.77901   8.36268e+24
1.78473   8.30927e+24
1.79046   8.25623e+24
1.79619   8.20356e+24
1.80192   8.15126e+24
1.80765   8.09932e+24
1.81337   8.04773e+24
1.8191   7.9965e+24
1.82483   7.94562e+24
1.83056   7.89509e+24
1.83629   7.8449e+24
1.84201   7.79505e+24
1.84774   7.74554e+24
1.85347   7.69636e+24
1.8592   7.64752e+24
1.86493   7.59901e+24
1.87065   7.55082e+24
1.87638   7.50295e+24
1.88211   7.4554e+24
1.88784   7.40817e+24
1.89357   7.36126e+24
1.89929   7.31465e+24
1.90502   7.26835e+24
1.91075   7.22236e+24
1.91648   7.17668e+24
1.92221   7.13129e+24
1.92793   7.0862e+24
1.93366   7.04141e+24
1.93939   6.99691e+24
1.94512   6.9527e+24
1.95085   6.90878e+24
1.95657   6.86514e+24
1.9623   6.82179e+24
1.96803   6.77871e+24
1.97376   6.73592e+24
1.97949   6.6934e+24
1.98521   6.65116e+24
1.99094   6.60919e+24
1.99667   6.56748e+24
2.0024   6.52605e+24
2.00813   6.48488e+24
2.01385   6.44397e+24
2.01958   6.40333e+24
2.02531   6.36294e+24
2.03104   6.32281e+24
2.03677   6.28294e+24
2.04249   6.24332e+24
2.04822   6.20395e+24
2.05395   6.16483e+24
2.05968   6.12595e+24
2.06541   6.08733e+24
2.07113   6.04894e+24
2.07686   6.0108e+24
2.08259   5.9729e+24
2.08832   5.93523e+24
2.09405   5.89781e+24
2.09977   5.86061e+24
2.1055   5.82366e+24
2.11123   5.78693e+24
2.11696   5.75043e+24
2.12269   5.71416e+24
2.12841   5.67812e+24
2.13414   5.6423e+24
2.13987   5.6067e+24
2.1456   5.57133e+24
2.15133   5.53618e+24
2.15705   5.50124e+24
2.16278   5.46653e+24
2.16851   5.43202e+24
2.17424   5.39774e+24
2.17997   5.36366e+24
2.18569   5.3298e+24
2.19142   5.29614e+24
2.19715   5.2627e+24
2.20288   5.22946e+24
2.20861   5.19643e+24
2.21433   5.1636e+24
2.22006   5.13097e+24
2.22579   5.09855e+24
2.23152   5.06633e+24
2.23725   5.0343e+24
2.24297   5.00247e+24
2.2487   4.97084e+24
2.25443   4.93941e+24
2.26016   4.90817e+24
2.26589   4.87712e+24
2.27161   4.84626e+24
2.27734   4.81559e+24
2.28307   4.78511e+24
2.2888   4.75482e+24
2.29453   4.72472e+24
2.30025   4.6948e+24
2.30598   4.66506e+24
2.31171   4.63551e+24
2.31744   4.60614e+24
2.32317   4.57695e+24
2.32889   4.54794e+24
2.33462   4.51911e+24
2.34035   4.49045e+24
2.34608   4.46198e+24
2.35181   4.43367e+24
2.35753   4.40555e+24
2.36326   4.37759e+24
2.36899   4.34981e+24
2.37472   4.3222e+24
2.38045   4.29476e+24
2.38617   4.26748e+24
2.3919   4.24038e+24
2.39763   4.21344e+24
2.40336   4.18667e+24
2.40909   4.16006e+24
2.41481   4.13362e+24
2.42054   4.10734e+24
2.42627   4.08123e+24
2.432   4.05527e+24
2.43773   4.02947e+24
2.44345   4.00384e+24
2.44918   3.97836e+24
2.45491   3.95304e+24
2.46064   3.92787e+24
2.46637   3.90286e+24
2.47209   3.87801e+24
2.47782   3.85331e+24
2.48355   3.82876e+24
2.48928   3.80436e+24
2.49501   3.78012e+24
2.50073   3.75602e+24
2.50646   3.73208e+24
2.51219   3.70828e+24
2.51792   3.68463e+24
2.52365   3.66113e+24
2.52937   3.63777e+24
2.5351   3.61456e+24
2.54083   3.59149e+24
2.54656   3.56857e+24
2.55229   3.54579e+24
2.55801   3.52315e+24
2.56374   3.50065e+24
2.56947   3.47829e+24
2.5752   3.45607e+24
2.58093   3.43399e+24
2.58665   3.41205e+24
2.59238   3.39024e+24
2.59811   3.36857e+24
2.60384   3.34703e+24
2.60957   3.32563e+24
2.61529   3.30437e+24
2.62102   3.28323e+24
2.62675   3.26223e+24
2.63248   3.24136e+24
2.63821   3.22063e+24
2.64393   3.20002e+24
2.64966   3.17954e+24
2.65539   3.15919e+24
2.66112   3.13896e+24
2.66685   3.11887e+24
2.67257   3.0989e+24
2.6783   3.07905e+24
2.68403   3.05934e+24
2.68976   3.03974e+24
2.69549   3.02027e+24
2.70121   3.00092e+24
2.70694   2.9817e+24
2.71267   2.96259e+24
2.7184   2.94361e+24
2.72413   2.92474e+24
2.72985   2.906e+24
2.73558   2.88737e+24
2.74131   2.86887e+24
2.74704   2.85047e+24
2.75277   2.8322e+24
2.75849   2.81404e+24
2.76422   2.796e+24
2.76995   2.77807e+24
2.77568   2.76026e+24
2.78141   2.74256e+24
2.78713   2.72497e+24
2.79286   2.70749e+24
2.79859   2.69013e+24
2.80432   2.67287e+24
2.81004   2.65573e+24
2.81577   2.6387e+24
2.8215   2.62177e+24
2.82723   2.60495e+24
2.83296   2.58824e+24
2.83868   2.57164e+24
2.84441   2.55514e+24
2.85014   2.53875e+24
2.85587   2.52247e+24
2.8616   2.50629e+24
2.86732   2.49021e+24
2.87305   2.47423e+24
2.87878   2.45836e+24
2.88451   2.44259e+24
2.89024   2.42692e+24
2.89596   2.41136e+24
2.90169   2.39589e+24
2.90742   2.38052e+24
2.91315   2.36526e+24
2.91888   2.35009e+24
2.9246   2.33501e+24
2.93033   2.32004e+24
2.93606   2.30516e+24
2.94179   2.29038e+24
2.94752   2.2757e+24
2.95324   2.2611e+24
2.95897   2.24661e+24
2.9647   2.23221e+24
2.97043   2.2179e+24
2.97616   2.20368e+24
2.98188   2.18956e+24
2.98761   2.17553e+24
2.99334   2.16159e+24
2.99907   2.14774e+24
3.0048   2.13398e+24
3.01052   2.12031e+24
3.01625   2.10672e+24
3.02198   2.09323e+24
3.02771   2.07983e+24
3.03344   2.06651e+24
3.03916   2.05328e+24
3.04489   2.04014e+24
3.05062   2.02708e+24
3.05635   2.0141e+24
3.06208   2.00122e+24
3.0678   1.98841e+24
3.07353   1.97569e+24
3.07926   1.96306e+24
3.08499   1.9505e+24
3.09072   1.93803e+24
3.09644   1.92564e+24
3.10217   1.91333e+24
3.1079   1.9011e+24
3.11363   1.88896e+24
3.11936   1.87689e+24
3.12508   1.8649e+24
3.13081   1.85299e+24
3.13654   1.84116e+24
3.14227   1.82941e+24
3.148   1.81773e+24
3.15372   1.80613e+24
3.15945   1.79461e+24
3.16518   1.78316e+24
3.17091   1.77179e+24
3.17664   1.76049e+24
3.18236   1.74927e+24
3.18809   1.73812e+24
3.19382   1.72705e+24
3.19955   1.71605e+24
3.20528   1.70512e+24
3.211   1.69426e+24
3.21673   1.68348e+24
3.22246   1.67276e+24
3.22819   1.66212e+24
3.23392   1.65155e+24
3.23964   1.64105e+24
3.24537   1.63062e+24
3.2511   1.62025e+24
3.25683   1.60996e+24
3.26256   1.59973e+24
3.26828   1.58957e+24
3.27401   1.57948e+24
3.27974   1.56946e+24
3.28547   1.5595e+24
3.2912   1.54961e+24
3.29692   1.53978e+24
3.30265   1.53002e+24
3.30838   1.52033e+24
3.31411   1.5107e+24
3.31984   1.50113e+24
3.32556   1.49162e+24
3.33129   1.48218e+24
3.33702   1.47281e+24
3.34275   1.46349e+24
3.34848   1.45424e+24
3.3542   1.44505e+24
3.35993   1.43592e+24
3.36566   1.42685e+24
3.37139   1.41784e+24
3.37712   1.40889e+24
3.38284   1.4e+24
3.38857   1.39117e+24
3.3943   1.3824e+24
3.40003   1.37368e+24
3.40576   1.36503e+24
3.41148   1.35643e+24
3.41721   1.34789e+24
3.42294   1.33941e+24
3.42867   1.33098e+24
3.4344   1.32261e+24
3.44012   1.3143e+24
3.44585   1.30604e+24
3.45158   1.29784e+24
3.45731   1.28969e+24
3.46304   1.28159e+24
3.46876   1.27355e+24
3.47449   1.26557e+24
3.48022   1.25763e+24
3.48595   1.24975e+24
3.49168   1.24192e+24
3.4974   1.23415e+24
3.50313   1.22643e+24
3.50886   1.21875e+24
3.51459   1.21113e+24
3.52032   1.20356e+24
3.52604   1.19605e+24
3.53177   1.18858e+24
3.5375   1.18116e+24
3.54323   1.17379e+24
3.54896   1.16647e+24
3.55468   1.1592e+24
3.56041   1.15198e+24
3.56614   1.1448e+24
3.57187   1.13768e+24
3.5776   1.1306e+24
3.58332   1.12357e+24
3.58905   1.11658e+24
3.59478   1.10964e+24
3.60051   1.10275e+24
3.60624   1.09591e+24
3.61196   1.08911e+24
3.61769   1.08236e+24
3.62342   1.07565e+24
3.62915   1.06898e+24
3.63488   1.06236e+24
3.6406   1.05579e+24
3.64633   1.04926e+24
3.65206   1.04277e+24
3.65779   1.03633e+24
3.66352   1.02993e+24
3.66924   1.02357e+24
3.67497   1.01725e+24
3.6807   1.01098e+24
3.68643   1.00475e+24
3.69216   9.98558e+23
3.69788   9.9241e+23
3.70361   9.86303e+23
3.70934   9.80236e+23
3.71507   9.7421e+23
3.7208   9.68224e+23
3.72652   9.62279e+23
3.73225   9.56372e+23
3.73798   9.50506e+23
3.74371   9.44678e+23
3.74944   9.3889e+23
3.75516   9.3314e+23
3.76089   9.27428e+23
3.76662   9.21755e+23
3.77235   9.16119e+23
3.77808   9.10521e+23
3.7838   9.0496e+23
3.78953   8.99437e+23
3.79526   8.9395e+23
3.80099   8.885e+23
3.80672   8.83086e+23
3.81244   8.77708e+23
3.81817   8.72366e+23
3.8239   8.6706e+23
3.82963   8.61789e+23
3.83536   8.56553e+23
3.84108   8.51352e+23
3.84681   8.46185e+23
3.85254   8.41053e+23
3.85827   8.35955e+23
3.864   8.30891e+23
3.86972   8.25861e+23
3.87545   8.20864e+23
3.88118   8.15901e+23
3.88691   8.1097e+23
3.89264   8.06072e+23
3.89836   8.01207e+23
3.90409   7.96374e+23
3.90982   7.91573e+23
3.91555   7.86804e+23
3.92128   7.82066e+23
3.927   7.7736e+23
3.93273   7.72686e+23
3.93846   7.68042e+23
3.94419   7.63429e+23
3.94992   7.58847e+23
3.95564   7.54295e+23
3.96137   7.49773e+23
3.9671   7.45281e+23
3.97283   7.40819e+23
3.97856   7.36386e+23
3.98428   7.31983e+23
3.99001   7.27609e+23
3.99574   7.23264e+23
4.00147   7.18947e+23
4.00719   7.14659e+23
4.01292   7.104e+23
4.01865   7.06168e+23
4.02438   7.01965e+23
4.03011   6.97789e+23
4.03583   6.93641e+23
4.04156   6.8952e+23
4.04729   6.85426e+23
4.05302   6.8136e+23
4.05875   6.7732e+23
4.06447   6.73307e+23
4.0702   6.6932e+23
4.07593   6.65359e+23
4.08166   6.61425e+23
4.08739   6.57516e+23
4.09311   6.53633e+23
4.09884   6.49776e+23
4.10457   6.45944e+23
4.1103   6.42137e+23
4.11603   6.38355e+23
4.12175   6.34598e+23
4.12748   6.30866e+23
4.13321   6.27158e+23
4.13894   6.23475e+23
4.14467   6.19815e+23
4.15039   6.1618e+23
4.15612   6.12568e+23
4.16185   6.0898e+23
4.16758   6.05416e+23
4.17331   6.01875e+23
4.17903   5.98357e+23
4.18476   5.94862e+23
4.19049   5.9139e+23
4.19622   5.8794e+23
4.20195   5.84513e+23
4.20767   5.81109e+23
4.2134   5.77727e+23
4.21913   5.74366e+23
4.22486   5.71028e+23
4.23059   5.67711e+23
4.23631   5.64416e+23
4.24204   5.61143e+23
4.24777   5.57891e+23
4.2535   5.5466e+23
4.25923   5.51449e+23
4.26495   5.4826e+23
4.27068   5.45092e+23
4.27641   5.41944e+23
4.28214   5.38816e+23
4.28787   5.35709e+23
4.29359   5.32622e+23
4.29932   5.29555e+23
4.30505   5.26508e+23
4.31078   5.23481e+23
4.31651   5.20473e+23
4.32223   5.17484e+23
4.32796   5.14515e+23
4.33369   5.11566e+23
4.33942   5.08635e+23
4.34515   5.05723e+23
4.35087   5.0283e+23
4.3566   4.99955e+23
4.36233   4.971e+23
4.36806   4.94262e+23
4.37379   4.91443e+23
4.37951   4.88642e+23
4.38524   4.85859e+23
4.39097   4.83094e+23
4.3967   4.80347e+23
4.40243   4.77617e+23
4.40815   4.74905e+23
4.41388   4.7221e+23
4.41961   4.69533e+23
4.42534   4.66873e+23
4.43107   4.64229e+23
4.43679   4.61603e+23
4.44252   4.58994e+23
4.44825   4.56401e+23
4.45398   4.53825e+23
4.45971   4.51265e+23
4.46543   4.48722e+23
4.47116   4.46195e+23
4.47689   4.43684e+23
4.48262   0
4.48835   0
4.49407   0
4.4998   0
4.50553   0
4.51126   0
4.51699   0
4.52271   0
4.52844   0
4.53417   0
4.5399   0
4.54563   0
4.55135   0
4.55708   0
4.56281   0
4.56854   0
4.57427   0
4.57999   0
4.58572   0
4.59145   0
4.59718   0
4.60291   0
4.60863   0
4.61436   0
4.62009   0
4.62582   0
4.63155   0
4.63727   0
4.643   0
4.64873   0
4.65446   0
4.66019   0
4.66591   0
4.67164   0
4.67737   0
4.6831   0
4.68883   0
4.69455   0
4.70028   0
4.70601   0
4.71174   0
4.71747   0
4.72319   0
4.72892   0
4.73465   0
4.74038   0
4.74611   0
4.75183   0
4.75756   0
4.76329   0
4.76902   0
4.77475   0
4.78047   0
4.7862   0
4.79193   0
4.79766   0
4.80339   0
4.80911   0
4.81484   0
4.82057   0
4.8263   0
4.83203   0
4.83775   0
4.84348   0
4.84921   0
4.85494   0
4.86067   0
4.86639   0
4.87212   0
4.87785   0
4.88358   0
4.88931   0
4.89503   0
4.90076   0
4.90649   0
4.91222   0
4.91795   0
4.92367   0
4.9294   0
4.93513   0
4.94086   0
4.94659   0
4.95231   0
4.95804   0
4.96377   0
4.9695   0
4.97523   0
4.98095   0
4.98668   0
4.99241   0
4.99814   0
5.00387   0
5.00959   0
5.01532   0
5.02105   0
5.02678   0
5.03251   0
5.03823   0
5.04396   0
5.04969   0
5.05542   0
5.06115   0
5.06687   0
5.0726   0
5.07833   0
5.08406   0
5.08979   0
5.09551   0
5.10124   0
5.10697   0
5.1127   0
5.11843   0
5.12415   0
5.12988   0
5.13561   0
5.14134   0
5.14707   0
5.15279   0
5.15852   0
5.16425   0
5.16998   0
5.17571   0
5.18143   0
5.18716   0
5.19289   0
5.19862   0
5.20434   0
5.21007   0
5.2158   0
5.22153   0
5.22726   0
5.23298   0
5.23871   0
5.24444   0
5.25017   0
5.2559   0
5.26162   0
5.26735   0
5.27308   0
5.27881   0
5.28454   0
5.29026   0
5.29599   0
5.30172   0
5.30745   0
5.31318   0
5.3189   0
5.32463   0
5.33036   0
5.33609   0
5.34182   0
5.34754   0
5.35327   0
5.359   0
5.36473   0
5.37046   0
5.37618   0
5.38191   0
5.38764   0
5.39337   0
5.3991   0
5.40482   0
5.41055   0
5.41628   0
5.42201   0
5.42774   0
5.43346   0
5.43919   0
5.44492   0
5.45065   0
5.45638   0
5.4621   0
5.46783   0
5.47356   0
5.47929   0
5.48502   0
5.49074   0
5.49647   0
5.5022   0
5.50793   0
5.51366   0
5.51938   0
5.52511   0
5.53084   0
5.53657   0
5.5423   0
5.54802   0
5.55375   0
5.55948   0
5.56521   0
5.57094   0
5.57666   0
5.58239   0
5.58812   0
5.59385   0
5.59958   0
5.6053   0
5.61103   0
5.61676   0
5.62249   0
5.62822   0
5.63394   0
5.63967   0
5.6454   0
5.65113   0
5.65686   0
5.66258   0
5.66831   0
5.67404   0
5.67977   0
5.6855   0
5.69122   0
5.69695   0
5.70268   0
5.70841   0
5.71414   0
5.71986   0
5.72559   0
5.73132   0
5.73705   0
5.74278   0
5.7485   0
5.75423   0
5.75996   0
5.76569   0
5.77142   0
5.77714   0
5.78287   0
5.7886   0
5.79433   0
5.80006   0
5.80578   0
5.81151   0
5.81724   0
5.82297   0
5.8287   0
5.83442   0
5.84015   0
5.84588   0
5.85161   0
5.85734   0
5.86306   0
5.86879   0
5.87452   0
5.88025   0
5.88598   0
5.8917   0
5.89743   0
5.90316   0
5.90889   0
5.91462   0
5.92034   0
5.92607   0
5.9318   0
5.93753   0
5.94326   0
5.94898   0
5.95471   0
5.96044   0
5.96617   0
5.9719   0
5.97762   0
5.98335   0
5.98908   0
5.99481   0
6.00054   0
6.00626   0
6.01199   0
6.01772   0
6.02345   0
6.02918   0
6.0349   0
6.04063   0
6.04636   0
6.05209   0
6.05782   0
6.06354   0
6.06927   0
6.075   0
6.08073   0
6.08646   0
6.09218   0
6.09791   0
6.10364   0
6.10937   0
6.1151   0
6.12082   0
6.12655   0
6.13228   0
6.13801   0
6.14374   0
6.14946   0
6.15519   0
6.16092   0
6.16665   0
6.17238   0
6.1781   0
6.18383   0
6.18956   0
6.19529   0
6.20102   0
6.20674   0
6.21247   0
6.2182   0
6.22393   0
6.22966   0
6.23538   0
6.24111   0
6.24684   0
6.25257   0
6.2583   0
6.26402   0
6.26975   0
6.27548   0
6.28121   0
6.28694   0
6.29266   0
6.29839   0
6.30412   0
6.30985   0
6.31558   0
6.3213   0
6.32703   0
6.33276   0
6.33849   0
6.34422   0
6.34994   0
6.35567   0
6.3614   0
6.36713   0
6.37286   0
6.37858   0
6.38431   0
6.39004   0
6.39577   0
6.40149   0
6.40722   0
6.41295   0
6.41868   0
6.42441   0
6.43013   0
6.43586   0
6.44159   0
6.44732   0
6.45305   0
6.45877   0
6.4645   0
6.47023   0
6.47596   0
6.48169   0
6.48741   0
6.49314   0
6.49887   0
6.5046   0
6.51033   0
6.51605   0
6.52178   0
6.52751   0
6.53324   0
6.53897   0
6.54469   0
6.55042   0
6.55615   0
6.56188   0
6.56761   0
6.57333   0
6.57906   0
6.58479   0
6.59052   0
6.59625   0
6.60197   0
6.6077   0
6.61343   0
6.61916   0
6.62489   0
6.63061   0
6.63634   0
6.64207   0
6.6478   0
6.65353   0
6.65925   0
6.66498   0
6.67071   0
6.67644   0
6.68217   0
6.68789   0
6.69362   0
6.69935   0
6.70508   0
6.71081   0
6.71653   0
6.72226   0
