1   4.68677e+31
3.34861   1.5277e+31
5.69721   9.64339e+30
8.04582   7.20692e+30
10.3944   5.81567e+30
12.743   4.90229e+30
15.0916   4.25001e+30
17.4402   3.7573e+30
19.7888   3.3699e+30
22.1375   3.05605e+30
24.4861   2.79582e+30
26.8347   2.57601e+30
29.1833   2.38754e+30
31.5319   2.22391e+30
33.8805   2.08035e+30
36.2291   1.95326e+30
38.5777   1.83988e+30
40.9263   1.73805e+30
43.2749   1.64604e+30
45.6235   1.56247e+30
47.9721   1.48621e+30
50.3207   1.41633e+30
52.6693   1.35205e+30
55.0179   1.29272e+30
57.3665   1.23777e+30
59.7151   1.18675e+30
62.0637   1.13924e+30
64.4124   1.0949e+30
66.761   1.05341e+30
69.1096   1.01452e+30
71.4582   9.77989e+29
73.8068   9.43608e+29
76.1554   9.11197e+29
78.504   8.80592e+29
80.8526   8.51649e+29
83.2012   8.24239e+29
85.5498   7.98244e+29
87.8984   7.73559e+29
90.247   7.5009e+29
92.5956   7.27751e+29
94.9442   7.06463e+29
97.2928   6.86156e+29
99.6414   6.66764e+29
101.99   6.48229e+29
104.339   6.30496e+29
106.687   6.13516e+29
109.036   5.97241e+29
111.384   5.81632e+29
113.733   5.66647e+29
116.082   5.52252e+29
118.43   5.38413e+29
120.779   5.25099e+29
123.127   5.12282e+29
125.476   4.99935e+29
127.825   4.88032e+29
130.173   4.76552e+29
132.522   4.65472e+29
134.871   4.54773e+29
137.219   4.44435e+29
139.568   4.34441e+29
141.916   4.24774e+29
144.265   4.15419e+29
146.614   4.06362e+29
148.962   3.97588e+29
151.311   3.89085e+29
153.659   3.80841e+29
156.008   3.72844e+29
158.357   3.65084e+29
160.705   3.57551e+29
163.054   3.50234e+29
165.402   3.43126e+29
167.751   3.36217e+29
170.1   3.29499e+29
172.448   3.22965e+29
174.797   3.16607e+29
177.145   3.10419e+29
179.494   3.04393e+29
181.843   2.98525e+29
184.191   2.92807e+29
186.54   2.87235e+29
188.888   2.81803e+29
191.237   2.76506e+29
193.586   2.71338e+29
195.934   2.66297e+29
198.283   2.61376e+29
200.631   2.56573e+29
202.98   2.51882e+29
205.329   2.47301e+29
207.677   2.42826e+29
210.026   2.38452e+29
212.375   2.34177e+29
214.723   2.29999e+29
217.072   2.25912e+29
219.42   2.21916e+29
221.769   2.18006e+29
224.118   2.14181e+29
226.466   2.10438e+29
228.815   2.06774e+29
231.163   2.03187e+29
233.512   1.99674e+29
235.861   1.96235e+29
238.209   1.92866e+29
240.558   1.89566e+29
242.906   1.86332e+29
245.255   1.83163e+29
247.604   1.80057e+29
249.952   1.77013e+29
252.301   1.74029e+29
254.649   1.71102e+29
256.998   1.68233e+29
259.347   1.65418e+29
261.695   1.62658e+29
264.044   1.5995e+29
266.392   1.57293e+29
268.741   1.54686e+29
271.09   1.52128e+29
273.438   1.49618e+29
275.787   1.47154e+29
278.135   1.44735e+29
280.484   1.4236e+29
282.833   1.40029e+29
285.181   1.3774e+29
287.53   1.35493e+29
289.878   1.33286e+29
292.227   1.31118e+29
294.576   1.28989e+29
296.924   1.26898e+29
299.273   1.24843e+29
301.622   1.22825e+29
303.97   1.20843e+29
306.319   1.18895e+29
308.667   1.16981e+29
311.016   1.151e+29
313.365   1.13252e+29
315.713   1.11436e+29
318.062   1.09651e+29
320.41   1.07897e+29
322.759   1.06173e+29
325.108   1.04478e+29
327.456   1.02812e+29
329.805   1.01175e+29
332.153   9.95654e+28
334.502   9.79831e+28
336.851   9.64275e+28
339.199   9.48982e+28
341.548   9.33946e+28
343.896   9.19163e+28
346.245   9.04628e+28
348.594   8.90336e+28
350.942   8.76284e+28
353.291   8.62466e+28
355.639   8.48879e+28
357.988   8.35518e+28
360.337   8.22379e+28
362.685   8.09459e+28
365.034   7.96753e+28
367.382   7.84257e+28
369.731   7.71969e+28
372.08   7.59883e+28
374.428   7.47998e+28
376.777   7.36308e+28
379.126   7.24812e+28
381.474   7.13505e+28
383.823   7.02384e+28
386.171   6.91446e+28
388.52   6.80688e+28
390.869   6.70107e+28
393.217   6.597e+28
395.566   6.49463e+28
397.914   6.39395e+28
400.263   6.29491e+28
402.612   6.1975e+28
404.96   6.10168e+28
407.309   6.00743e+28
409.657   5.91472e+28
412.006   5.82353e+28
414.355   5.73383e+28
416.703   5.64559e+28
419.052   5.5588e+28
421.4   5.47342e+28
423.749   5.38944e+28
426.098   5.30683e+28
428.446   5.22556e+28
430.795   5.14284e+28
433.143   5.0505e+28
435.492   4.95996e+28
437.841   4.8712e+28
440.189   4.78417e+28
442.538   4.69884e+28
444.886   4.61517e+28
447.235   4.53313e+28
449.584   4.45269e+28
451.932   4.3738e+28
454.281   4.29645e+28
456.629   4.22059e+28
458.978   4.1462e+28
461.327   4.07324e+28
463.675   4.00169e+28
466.024   3.93152e+28
468.373   3.8627e+28
470.721   3.7952e+28
473.07   3.72899e+28
475.418   3.66405e+28
477.767   3.60035e+28
480.116   3.53787e+28
482.464   3.47658e+28
484.813   3.41646e+28
487.161   3.35749e+28
489.51   3.29963e+28
491.859   3.24287e+28
494.207   3.18719e+28
496.556   3.13256e+28
498.904   3.07896e+28
501.253   3.02637e+28
503.602   2.97478e+28
505.95   2.92416e+28
508.299   2.87448e+28
510.647   2.82575e+28
512.996   2.77792e+28
515.345   2.73099e+28
517.693   2.68494e+28
520.042   2.63975e+28
522.39   2.5954e+28
524.739   2.55188e+28
527.088   2.50916e+28
529.436   2.46724e+28
531.785   2.4261e+28
534.133   2.38572e+28
536.482   2.34609e+28
538.831   2.30718e+28
541.179   2.269e+28
543.528   2.23152e+28
545.877   2.19473e+28
548.225   2.15861e+28
550.574   2.12316e+28
552.922   2.08836e+28
555.271   2.05419e+28
557.62   2.02065e+28
559.968   1.98772e+28
562.317   1.95538e+28
564.665   1.92364e+28
567.014   1.89247e+28
569.363   1.86187e+28
571.711   1.83182e+28
574.06   1.80232e+28
576.408   1.77334e+28
578.757   1.74489e+28
581.106   1.71696e+28
583.454   1.68952e+28
585.803   1.66258e+28
588.151   1.63611e+28
590.5   1.61013e+28
592.849   1.5846e+28
595.197   1.55953e+28
597.546   1.53491e+28
599.894   1.51073e+28
602.243   1.48697e+28
604.592   1.46364e+28
606.94   1.44071e+28
609.289   1.4182e+28
611.637   1.39608e+28
613.986   1.37435e+28
616.335   1.353e+28
618.683   1.33203e+28
621.032   1.31142e+28
623.38   1.29117e+28
625.729   1.27128e+28
628.078   1.25174e+28
630.426   1.23253e+28
632.775   1.21366e+28
635.124   1.19512e+28
637.472   1.1769e+28
639.821   1.15899e+28
642.169   1.14139e+28
644.518   1.1241e+28
646.867   1.1071e+28
649.215   1.0904e+28
651.564   1.07398e+28
653.912   1.05784e+28
656.261   1.04198e+28
658.61   1.02639e+28
660.958   1.01106e+28
663.307   9.95997e+27
665.655   9.81188e+27
668.004   9.6663e+27
670.353   9.52318e+27
672.701   9.38248e+27
675.05   9.24415e+27
677.398   9.10815e+27
679.747   8.97443e+27
682.096   8.84296e+27
684.444   8.71369e+27
686.793   8.58657e+27
689.141   8.46158e+27
691.49   8.33867e+27
693.839   8.2178e+27
696.187   8.09893e+27
698.536   7.98204e+27
700.884   7.86708e+27
703.233   7.75401e+27
705.582   7.64281e+27
707.93   7.53343e+27
710.279   7.42585e+27
712.628   7.32004e+27
714.976   7.21595e+27
717.325   7.11356e+27
719.673   7.01285e+27
722.022   6.91377e+27
724.371   6.81629e+27
726.719   6.7204e+27
729.068   6.62606e+27
731.416   6.53324e+27
733.765   6.44192e+27
736.114   6.35207e+27
738.462   6.26366e+27
740.811   6.17667e+27
743.159   6.09107e+27
745.508   6.00683e+27
747.857   5.92394e+27
750.205   5.84237e+27
752.554   5.76209e+27
754.902   5.68309e+27
757.251   5.60533e+27
759.6   5.52881e+27
761.948   5.45349e+27
764.297   5.37935e+27
766.645   5.30638e+27
768.994   5.23455e+27
771.343   5.16385e+27
773.691   5.09425e+27
776.04   5.02573e+27
778.388   4.95828e+27
780.737   4.89188e+27
783.086   4.82651e+27
785.434   4.76215e+27
787.783   4.69878e+27
790.131   4.63639e+27
792.48   4.57496e+27
794.829   4.51447e+27
797.177   4.45491e+27
799.526   4.39626e+27
801.875   4.3385e+27
804.223   4.28163e+27
806.572   4.22562e+27
808.92   4.17046e+27
811.269   4.11614e+27
813.618   4.06263e+27
815.966   4.00994e+27
818.315   3.95804e+27
820.663   3.90692e+27
823.012   3.85656e+27
825.361   3.80696e+27
827.709   3.7581e+27
830.058   3.70998e+27
832.406   3.66256e+27
834.755   3.61586e+27
837.104   3.56984e+27
839.452   3.52451e+27
841.801   3.47985e+27
844.149   3.43584e+27
846.498   3.39248e+27
848.847   3.34977e+27
851.195   3.30767e+27
853.544   3.2662e+27
855.892   3.22533e+27
858.241   3.18505e+27
860.59   3.14536e+27
862.938   3.10625e+27
865.287   3.06771e+27
867.635   3.02972e+27
869.984   2.99229e+27
872.333   2.95539e+27
874.681   2.91902e+27
877.03   2.88318e+27
879.379   2.84785e+27
881.727   2.81302e+27
884.076   2.77869e+27
886.424   2.74485e+27
888.773   2.7115e+27
891.122   2.67861e+27
893.47   2.6462e+27
895.819   2.61424e+27
898.167   2.58273e+27
900.516   2.55167e+27
902.865   2.52104e+27
905.213   2.49084e+27
907.562   2.46107e+27
909.91   2.43171e+27
912.259   2.40277e+27
914.608   2.37422e+27
916.956   2.34607e+27
919.305   2.31832e+27
921.653   2.29095e+27
924.002   2.26395e+27
926.351   2.23733e+27
928.699   2.21108e+27
931.048   2.18519e+27
933.396   2.15965e+27
935.745   2.13446e+27
938.094   2.10962e+27
940.442   2.08511e+27
942.791   2.06094e+27
945.139   2.0371e+27
947.488   2.01358e+27
949.837   1.99038e+27
952.185   1.96749e+27
954.534   1.94491e+27
956.882   1.92264e+27
959.231   1.90066e+27
961.58   1.87898e+27
963.928   1.8576e+27
966.277   1.83649e+27
968.626   1.81567e+27
970.974   1.79512e+27
973.323   1.77485e+27
975.671   1.75485e+27
978.02   1.73511e+27
980.369   1.71563e+27
982.717   1.69641e+27
985.066   1.67745e+27
987.414   1.65873e+27
989.763   1.64026e+27
992.112   1.62203e+27
994.46   1.60403e+27
996.809   1.58628e+27
999.157   1.56875e+27
1001.51   1.55145e+27
1003.85   1.53438e+27
1006.2   1.51753e+27
1008.55   1.50089e+27
1010.9   1.48447e+27
1013.25   1.46826e+27
1015.6   1.45226e+27
1017.95   1.43646e+27
1020.29   1.42087e+27
1022.64   1.40548e+27
1024.99   1.39028e+27
1027.34   1.37527e+27
1029.69   1.36046e+27
1032.04   1.34584e+27
1034.39   1.3314e+27
1036.74   1.31714e+27
1039.08   1.30306e+27
1041.43   1.28916e+27
1043.78   1.27544e+27
1046.13   1.26188e+27
1048.48   1.2485e+27
1050.83   1.23528e+27
1053.18   1.22223e+27
1055.52   1.20934e+27
1057.87   1.19661e+27
1060.22   1.18404e+27
1062.57   1.17163e+27
1064.92   1.15937e+27
1067.27   1.14726e+27
1069.62   1.1353e+27
1071.96   1.12348e+27
1074.31   1.11182e+27
1076.66   1.10029e+27
1079.01   1.08891e+27
1081.36   1.07766e+27
1083.71   1.06655e+27
1086.06   1.05558e+27
1088.4   1.04474e+27
1090.75   1.03403e+27
1093.1   1.02345e+27
1095.45   1.013e+27
1097.8   1.00268e+27
1100.15   9.92478e+26
1102.5   9.824e+26
1104.84   9.72443e+26
1107.19   9.62605e+26
1109.54   9.52885e+26
1111.89   9.43281e+26
1114.24   9.33791e+26
1116.59   9.24414e+26
1118.94   9.15149e+26
1121.28   9.05993e+26
1123.63   8.96945e+26
1125.98   8.88005e+26
1128.33   8.79169e+26
1130.68   8.70438e+26
1133.03   8.61809e+26
1135.38   8.53281e+26
1137.73   8.44854e+26
1140.07   8.36524e+26
1142.42   8.28292e+26
1144.77   8.20155e+26
1147.12   8.12114e+26
1149.47   8.04165e+26
1151.82   7.96308e+26
1154.17   7.88543e+26
1156.51   7.80867e+26
1158.86   7.73279e+26
1161.21   7.65779e+26
1163.56   7.58364e+26
1165.91   7.51035e+26
1168.26   7.4379e+26
1170.61   7.36627e+26
1172.95   7.29546e+26
1175.3   7.22545e+26
1177.65   7.15624e+26
1180   7.08782e+26
1182.35   7.02017e+26
1184.7   6.95329e+26
1187.05   6.88716e+26
1189.39   6.82177e+26
1191.74   6.75712e+26
1194.09   6.6932e+26
1196.44   6.62999e+26
1198.79   6.56749e+26
1201.14   6.50569e+26
1203.49   6.44458e+26
1205.83   6.38415e+26
1208.18   6.32439e+26
1210.53   6.26529e+26
1212.88   6.20685e+26
1215.23   6.14905e+26
1217.58   6.09189e+26
1219.93   6.03536e+26
1222.27   5.97946e+26
1224.62   5.92416e+26
1226.97   5.86948e+26
1229.32   5.81539e+26
1231.67   5.76189e+26
1234.02   5.70898e+26
1236.37   5.65664e+26
1238.72   5.60487e+26
1241.06   5.55366e+26
1243.41   5.50301e+26
1245.76   5.45291e+26
1248.11   5.40335e+26
1250.46   5.35432e+26
1252.81   5.30582e+26
1255.16   5.25784e+26
1257.5   5.21038e+26
1259.85   5.16342e+26
1262.2   5.11697e+26
1264.55   5.07101e+26
1266.9   5.02554e+26
1269.25   4.98056e+26
1271.6   4.93605e+26
1273.94   4.89202e+26
1276.29   4.84845e+26
1278.64   4.80534e+26
1280.99   4.76269e+26
1283.34   4.72049e+26
1285.69   4.67873e+26
1288.04   4.63741e+26
1290.38   4.59652e+26
1292.73   4.55607e+26
1295.08   4.51603e+26
1297.43   4.47641e+26
1299.78   4.43721e+26
1302.13   4.39841e+26
1304.48   4.36002e+26
1306.82   4.32202e+26
1309.17   4.28442e+26
1311.52   4.2472e+26
1313.87   4.21037e+26
1316.22   4.17392e+26
1318.57   4.13784e+26
1320.92   4.10214e+26
1323.26   4.0668e+26
1325.61   4.03182e+26
1327.96   3.9972e+26
1330.31   3.96293e+26
1332.66   3.92901e+26
1335.01   3.89544e+26
1337.36   3.86221e+26
1339.71   3.82931e+26
1342.05   3.79675e+26
1344.4   3.76452e+26
1346.75   3.73261e+26
1349.1   3.70102e+26
1351.45   3.66976e+26
1353.8   3.6388e+26
1356.15   3.60816e+26
1358.49   3.57782e+26
1360.84   3.54779e+26
1363.19   3.51805e+26
1365.54   3.48861e+26
1367.89   3.45947e+26
1370.24   3.43061e+26
1372.59   3.40204e+26
1374.93   3.37376e+26
1377.28   3.34575e+26
1379.63   3.31802e+26
1381.98   3.29056e+26
1384.33   3.26338e+26
1386.68   3.23646e+26
1389.03   3.2098e+26
1391.37   3.18341e+26
1393.72   3.15727e+26
1396.07   3.13139e+26
1398.42   3.10576e+26
1400.77   3.08038e+26
1403.12   3.05525e+26
1405.47   3.03036e+26
1407.81   3.00572e+26
1410.16   2.98131e+26
1412.51   2.95714e+26
1414.86   2.9332e+26
1417.21   2.90949e+26
1419.56   2.88601e+26
1421.91   2.86275e+26
1424.26   2.83972e+26
1426.6   2.81691e+26
1428.95   2.79432e+26
1431.3   2.77194e+26
1433.65   2.74977e+26
1436   2.72782e+26
1438.35   2.70607e+26
1440.7   2.68454e+26
1443.04   2.6632e+26
1445.39   2.64207e+26
1447.74   2.62114e+26
1450.09   2.6004e+26
1452.44   2.57986e+26
1454.79   2.55951e+26
1457.14   2.53936e+26
1459.48   2.51939e+26
1461.83   2.49961e+26
1464.18   2.48001e+26
1466.53   2.4606e+26
1468.88   2.44137e+26
1471.23   2.42232e+26
1473.58   2.40344e+26
1475.92   2.38474e+26
1478.27   2.36622e+26
1480.62   2.34786e+26
1482.97   2.32968e+26
1485.32   2.31166e+26
1487.67   2.2938e+26
1490.02   2.27612e+26
1492.36   2.25859e+26
1494.71   2.24123e+26
1497.06   2.22402e+26
1499.41   2.20697e+26
1501.76   2.19008e+26
1504.11   2.17334e+26
1506.46   2.15676e+26
1508.8   2.14032e+26
1511.15   2.12403e+26
1513.5   2.1079e+26
1515.85   2.0919e+26
1518.2   2.07606e+26
1520.55   2.06035e+26
1522.9   2.04479e+26
1525.25   2.02937e+26
1527.59   2.01408e+26
1529.94   1.99893e+26
1532.29   1.98392e+26
1534.64   1.96905e+26
1536.99   1.9543e+26
1539.34   1.93969e+26
1541.69   1.92521e+26
1544.03   1.91085e+26
1546.38   1.89663e+26
1548.73   1.88253e+26
1551.08   1.86855e+26
1553.43   1.8547e+26
1555.78   1.84097e+26
1558.13   1.82736e+26
1560.47   1.81388e+26
1562.82   1.80051e+26
1565.17   0
1567.52   0
1569.87   0
1572.22   0
1574.57   0
1576.91   0
1579.26   0
1581.61   0
1583.96   0
1586.31   0
1588.66   0
1591.01   0
1593.35   0
1595.7   0
1598.05   0
1600.4   0
1602.75   0
1605.1   0
1607.45   0
1609.79   0
1612.14   0
1614.49   0
1616.84   0
1619.19   0
1621.54   0
1623.89   0
1626.24   0
1628.58   0
1630.93   0
1633.28   0
1635.63   0
1637.98   0
1640.33   0
1642.68   0
1645.02   0
1647.37   0
1649.72   0
1652.07   0
1654.42   0
1656.77   0
1659.12   0
1661.46   0
1663.81   0
1666.16   0
1668.51   0
1670.86   0
1673.21   0
1675.56   0
1677.9   0
1680.25   0
1682.6   0
1684.95   0
1687.3   0
1689.65   0
1692   0
1694.34   0
1696.69   0
1699.04   0
1701.39   0
1703.74   0
1706.09   0
1708.44   0
1710.78   0
1713.13   0
1715.48   0
1717.83   0
1720.18   0
1722.53   0
1724.88   0
1727.23   0
1729.57   0
1731.92   0
1734.27   0
1736.62   0
1738.97   0
1741.32   0
1743.67   0
1746.01   0
1748.36   0
1750.71   0
1753.06   0
1755.41   0
1757.76   0
1760.11   0
1762.45   0
1764.8   0
1767.15   0
1769.5   0
1771.85   0
1774.2   0
1776.55   0
1778.89   0
1781.24   0
1783.59   0
1785.94   0
1788.29   0
1790.64   0
1792.99   0
1795.33   0
1797.68   0
1800.03   0
1802.38   0
1804.73   0
1807.08   0
1809.43   0
1811.77   0
1814.12   0
1816.47   0
1818.82   0
1821.17   0
1823.52   0
1825.87   0
1828.22   0
1830.56   0
1832.91   0
1835.26   0
1837.61   0
1839.96   0
1842.31   0
1844.66   0
1847   0
1849.35   0
1851.7   0
1854.05   0
1856.4   0
1858.75   0
1861.1   0
1863.44   0
1865.79   0
1868.14   0
1870.49   0
1872.84   0
1875.19   0
1877.54   0
1879.88   0
1882.23   0
1884.58   0
1886.93   0
1889.28   0
1891.63   0
1893.98   0
1896.32   0
1898.67   0
1901.02   0
1903.37   0
1905.72   0
1908.07   0
1910.42   0
1912.76   0
1915.11   0
1917.46   0
1919.81   0
1922.16   0
1924.51   0
1926.86   0
1929.21   0
1931.55   0
1933.9   0
1936.25   0
1938.6   0
1940.95   0
1943.3   0
1945.65   0
1947.99   0
1950.34   0
1952.69   0
1955.04   0
1957.39   0
1959.74   0
1962.09   0
1964.43   0
1966.78   0
1969.13   0
1971.48   0
1973.83   0
1976.18   0
1978.53   0
1980.87   0
1983.22   0
1985.57   0
1987.92   0
1990.27   0
1992.62   0
1994.97   0
1997.31   0
1999.66   0
2002.01   0
2004.36   0
2006.71   0
2009.06   0
2011.41   0
2013.76   0
2016.1   0
2018.45   0
2020.8   0
2023.15   0
2025.5   0
2027.85   0
2030.2   0
2032.54   0
2034.89   0
2037.24   0
2039.59   0
2041.94   0
2044.29   0
2046.64   0
2048.98   0
2051.33   0
2053.68   0
2056.03   0
2058.38   0
2060.73   0
2063.08   0
2065.42   0
2067.77   0
2070.12   0
2072.47   0
2074.82   0
2077.17   0
2079.52   0
2081.86   0
2084.21   0
2086.56   0
2088.91   0
2091.26   0
2093.61   0
2095.96   0
2098.3   0
2100.65   0
2103   0
2105.35   0
2107.7   0
2110.05   0
2112.4   0
2114.75   0
2117.09   0
2119.44   0
2121.79   0
2124.14   0
2126.49   0
2128.84   0
2131.19   0
2133.53   0
2135.88   0
2138.23   0
2140.58   0
2142.93   0
2145.28   0
2147.63   0
2149.97   0
2152.32   0
2154.67   0
2157.02   0
2159.37   0
2161.72   0
2164.07   0
2166.41   0
2168.76   0
2171.11   0
2173.46   0
2175.81   0
2178.16   0
2180.51   0
2182.85   0
2185.2   0
2187.55   0
2189.9   0
2192.25   0
2194.6   0
2196.95   0
2199.29   0
2201.64   0
2203.99   0
2206.34   0
2208.69   0
2211.04   0
2213.39   0
2215.74   0
2218.08   0
2220.43   0
2222.78   0
2225.13   0
2227.48   0
2229.83   0
2232.18   0
2234.52   0
2236.87   0
2239.22   0
2241.57   0
2243.92   0
2246.27   0
2248.62   0
2250.96   0
2253.31   0
2255.66   0
2258.01   0
2260.36   0
2262.71   0
2265.06   0
2267.4   0
2269.75   0
2272.1   0
2274.45   0
2276.8   0
2279.15   0
2281.5   0
2283.84   0
2286.19   0
2288.54   0
2290.89   0
2293.24   0
2295.59   0
2297.94   0
2300.28   0
2302.63   0
2304.98   0
2307.33   0
2309.68   0
2312.03   0
2314.38   0
2316.73   0
2319.07   0
2321.42   0
2323.77   0
2326.12   0
2328.47   0
2330.82   0
2333.17   0
2335.51   0
2337.86   0
2340.21   0
2342.56   0
2344.91   0
2347.26   0
