1   3.82105e+16
1.00855   3.73649e+16
1.01717   3.65442e+16
1.02587   3.57403e+16
1.03464   3.49575e+16
1.04349   3.41977e+16
1.05241   3.3453e+16
1.06141   3.27275e+16
1.07049   3.20236e+16
1.07964   3.13328e+16
1.08887   3.06599e+16
1.09818   3.00073e+16
1.10757   2.93657e+16
1.11704   2.87408e+16
1.12659   2.8136e+16
1.13622   2.75388e+16
1.14594   2.6958e+16
1.15574   2.63913e+16
1.16562   2.58406e+16
1.17559   2.53001e+16
1.18564   2.47728e+16
1.19577   2.42606e+16
1.206   2.37572e+16
1.21631   2.3266e+16
1.22671   2.279e+16
1.2372   2.232e+16
1.24778   2.18621e+16
1.25845   2.14149e+16
1.26921   2.09803e+16
1.28006   2.05529e+16
1.291   2.01356e+16
1.30204   1.97309e+16
1.31318   1.93312e+16
1.3244   1.89414e+16
1.33573   1.85605e+16
1.34715   1.81904e+16
1.35867   1.78259e+16
1.37028   1.74698e+16
1.382   1.71262e+16
1.39382   1.67833e+16
1.40574   1.645e+16
1.41776   1.61244e+16
1.42988   1.58086e+16
1.4421   1.5496e+16
1.45443   1.5191e+16
1.46687   1.48927e+16
1.47941   1.46033e+16
1.49206   1.43171e+16
1.50482   1.40375e+16
1.51769   1.37641e+16
1.53066   1.34986e+16
1.54375   1.32362e+16
1.55695   1.29797e+16
1.57026   1.27288e+16
1.58369   1.24852e+16
1.59723   1.22442e+16
1.61089   1.20086e+16
1.62466   1.17781e+16
1.63855   1.15547e+16
1.65256   1.13329e+16
1.66669   1.11164e+16
1.68094   1.09045e+16
1.69532   1.06999e+16
1.70981   1.04952e+16
1.72443   1.0296e+16
1.73918   1.01009e+16
1.75405   9.90999e+15
1.76904   9.72451e+15
1.78417   9.54094e+15
1.79943   9.36133e+15
1.81481   9.18548e+15
1.83033   9.01536e+15
1.84598   8.84568e+15
1.86176   8.68012e+15
1.87768   8.51803e+15
1.89374   8.35923e+15
1.90993   8.20518e+15
1.92626   8.05229e+15
1.94273   7.90277e+15
1.95934   7.7563e+15
1.97609   7.61279e+15
1.99299   7.47344e+15
2.01003   7.33531e+15
2.02722   7.20012e+15
2.04455   7.06766e+15
2.06203   6.93785e+15
2.07966   6.8118e+15
2.09744   6.68683e+15
2.11538   6.56448e+15
2.13347   6.4446e+15
2.15171   6.44049e+15
2.17011   6.48581e+15
2.18866   6.52696e+15
2.20737   6.56551e+15
2.22625   6.60114e+15
2.24528   6.63391e+15
2.26448   6.6646e+15
2.28384   6.69029e+15
2.30337   6.71295e+15
2.32307   6.73238e+15
2.34293   6.749e+15
2.36296   6.76517e+15
2.38317   6.76969e+15
2.40354   6.77428e+15
2.42409   6.77531e+15
2.44482   6.77272e+15
2.46573   6.76669e+15
2.48681   6.75784e+15
2.50807   6.74325e+15
2.52952   6.72559e+15
2.55114   6.70444e+15
2.57296   6.67984e+15
2.59496   6.65203e+15
2.61715   6.6215e+15
2.63952   6.58592e+15
2.66209   6.54764e+15
2.68485   6.5064e+15
2.70781   6.46235e+15
2.73096   6.41588e+15
2.75431   6.3677e+15
2.77786   6.31328e+15
2.80162   6.25808e+15
2.82557   6.20066e+15
2.84973   6.14112e+15
2.8741   6.07962e+15
2.89867   6.01641e+15
2.92346   5.95186e+15
2.94845   5.88463e+15
2.97366   5.81617e+15
2.99909   5.74647e+15
3.02473   5.67563e+15
3.05059   5.60382e+15
3.07668   5.53126e+15
3.10298   5.45824e+15
3.12952   5.38371e+15
3.15627   5.30881e+15
3.18326   5.23353e+15
3.21048   5.15801e+15
3.23793   5.08235e+15
3.26562   5.00675e+15
3.29354   4.93146e+15
3.3217   4.85531e+15
3.3501   4.77958e+15
3.37875   4.70414e+15
3.40764   4.62907e+15
3.43677   4.55442e+15
3.46616   4.4803e+15
3.49579   4.40681e+15
3.52568   4.33414e+15
3.55583   4.26149e+15
3.58623   4.18963e+15
3.6169   4.11851e+15
3.64782   4.04818e+15
3.67901   3.97867e+15
3.71047   3.91004e+15
3.7422   3.84237e+15
3.77419   3.77581e+15
3.80646   3.70958e+15
3.83901   3.64437e+15
3.87184   3.58016e+15
3.90494   3.51694e+15
3.93833   3.45476e+15
3.972   3.39373e+15
4.00597   3.33402e+15
4.04022   3.27605e+15
4.07476   3.2185e+15
4.10961   3.16429e+15
4.14474   3.11493e+15
4.18018   3.07477e+15
4.21593   3.05345e+15
4.25197   3.06889e+15
4.28833   3.08237e+15
4.325   3.09384e+15
4.36198   3.10332e+15
4.39927   3.11087e+15
4.43689   3.11592e+15
4.47483   3.11892e+15
4.51309   3.11982e+15
4.55167   3.11864e+15
4.59059   3.11539e+15
4.62984   3.11011e+15
4.66943   3.10283e+15
4.70936   3.09364e+15
4.74962   3.08255e+15
4.79023   3.06977e+15
4.83119   3.05489e+15
4.8725   3.03834e+15
4.91416   3.02016e+15
4.95618   3.00043e+15
4.99856   2.97923e+15
5.0413   2.95665e+15
5.0844   2.93278e+15
5.12788   2.90772e+15
5.17172   2.88152e+15
5.21594   2.85448e+15
5.26054   2.82595e+15
5.30552   2.7967e+15
5.35088   2.7667e+15
5.39664   2.73599e+15
5.44278   2.70467e+15
5.48932   2.67283e+15
5.53625   2.64055e+15
5.58359   2.60793e+15
5.63133   2.57508e+15
5.67948   2.54212e+15
5.72804   2.50914e+15
5.77702   2.47645e+15
5.82641   2.44377e+15
5.87623   2.4117e+15
5.92648   2.38045e+15
5.97715   2.35042e+15
6.02826   2.32209e+15
6.0798   2.29615e+15
6.13179   2.27357e+15
6.18421   2.25553e+15
6.23709   2.24418e+15
6.29042   2.24098e+15
6.34421   2.25262e+15
6.39845   2.26229e+15
6.45316   2.27011e+15
6.50834   2.27575e+15
6.56399   2.27948e+15
6.62011   2.28131e+15
6.67672   2.28128e+15
6.7338   2.27942e+15
6.79138   2.27581e+15
6.84945   2.27051e+15
6.90801   2.26359e+15
6.96708   2.25514e+15
7.02665   2.24526e+15
7.08673   2.23404e+15
7.14733   2.22158e+15
7.20844   2.208e+15
7.27007   2.19353e+15
7.33223   2.17792e+15
7.39493   2.16164e+15
7.45816   2.14476e+15
7.52193   2.12745e+15
7.58624   2.10987e+15
7.65111   2.09221e+15
7.71653   2.07467e+15
7.78251   2.05751e+15
7.84905   2.04098e+15
7.91616   2.02539e+15
7.98385   2.0111e+15
8.05211   1.99853e+15
8.12096   1.98801e+15
8.1904   1.98058e+15
8.26043   1.97631e+15
8.33106   1.97503e+15
8.40229   1.98405e+15
8.47414   1.99197e+15
8.54659   1.99798e+15
8.61967   2.00216e+15
8.69337   2.00459e+15
8.7677   2.00535e+15
8.84267   2.00457e+15
8.91828   2.00235e+15
8.99453   1.99882e+15
9.07144   1.99413e+15
9.149   1.9884e+15
9.22723   1.9818e+15
9.30613   1.97447e+15
9.3857   1.9666e+15
9.46595   1.95836e+15
9.54688   1.94993e+15
9.62851   1.9415e+15
9.71084   1.93328e+15
9.79387   1.92557e+15
9.87761   1.91841e+15
9.96207   1.91216e+15
10.0473   1.90709e+15
10.1332   1.9037e+15
10.2198   1.90201e+15
10.3072   1.90185e+15
10.3953   1.90497e+15
10.4842   1.91362e+15
10.5738   1.92052e+15
10.6643   1.9258e+15
10.7554   1.92959e+15
10.8474   1.93202e+15
10.9401   1.93324e+15
11.0337   1.93339e+15
11.128   1.93264e+15
11.2232   1.93113e+15
11.3191   1.92904e+15
11.4159   1.92653e+15
11.5135   1.92378e+15
11.612   1.92096e+15
11.7113   1.91825e+15
11.8114   1.91585e+15
11.9124   1.91385e+15
12.0142   1.91269e+15
12.117   1.91242e+15
12.2206   1.91297e+15
12.3251   1.91425e+15
12.4305   1.9185e+15
12.5367   1.92634e+15
12.6439   1.93259e+15
12.752   1.93738e+15
12.8611   1.94087e+15
12.971   1.94321e+15
13.082   1.94454e+15
13.1938   1.94503e+15
13.3066   1.94482e+15
13.4204   1.94409e+15
13.5351   1.94296e+15
13.6509   1.94156e+15
13.7676   1.94013e+15
13.8853   1.9389e+15
14.004   1.93792e+15
14.1238   1.93716e+15
14.2445   1.93655e+15
14.3663   1.93613e+15
14.4892   1.94006e+15
14.6131   1.94395e+15
14.738   1.94633e+15
14.864   1.94738e+15
14.9911   1.94717e+15
15.1193   1.94591e+15
15.2486   1.94372e+15
15.379   1.94074e+15
15.5104   1.93714e+15
15.6431   1.93315e+15
15.7768   1.92889e+15
15.9117   1.9244e+15
16.0478   1.91965e+15
16.185   1.91467e+15
16.3234   1.90951e+15
16.4629   1.90698e+15
16.6037   1.90533e+15
16.7457   1.90222e+15
16.8889   1.89781e+15
17.0333   1.89225e+15
17.1789   1.88567e+15
17.3258   1.87827e+15
17.4739   1.87023e+15
17.6233   1.86164e+15
17.774   1.85256e+15
17.926   1.843e+15
18.0793   1.83301e+15
18.2339   1.82266e+15
18.3898   1.81305e+15
18.547   1.8057e+15
18.7056   1.79704e+15
18.8655   1.7872e+15
19.0268   1.77638e+15
19.1895   1.76473e+15
19.3536   1.75239e+15
19.5191   1.73941e+15
19.686   1.72587e+15
19.8543   1.71185e+15
20.0241   1.69732e+15
20.1953   1.68243e+15
20.3679   1.66845e+15
20.5421   1.65576e+15
20.7177   1.64206e+15
20.8949   1.62752e+15
21.0735   1.61225e+15
21.2537   1.59634e+15
21.4355   1.57985e+15
21.6187   1.56285e+15
21.8036   1.54541e+15
21.99   1.5276e+15
22.178   1.50951e+15
22.3677   1.49293e+15
22.5589   1.47653e+15
22.7518   1.45943e+15
22.9463   1.44174e+15
23.1425   1.42352e+15
23.3404   1.40485e+15
23.54   1.3858e+15
23.7413   1.36643e+15
23.9443   1.34684e+15
24.149   1.32714e+15
24.3555   1.30919e+15
24.5637   1.2908e+15
24.7738   1.27194e+15
24.9856   1.2527e+15
25.1992   1.23314e+15
25.4147   1.21333e+15
25.632   1.19336e+15
25.8511   1.1733e+15
26.0722   1.15329e+15
26.2951   1.13465e+15
26.5199   1.11567e+15
26.7467   1.09642e+15
26.9754   1.07697e+15
27.206   1.05738e+15
27.4387   1.03773e+15
27.6733   1.01805e+15
27.9099   9.9842e+14
28.1485   9.79799e+14
28.3892   9.61212e+14
28.632   9.42501e+14
28.8768   9.23722e+14
29.1237   9.04927e+14
29.3727   8.8616e+14
29.6238   8.67466e+14
29.8771   8.49115e+14
30.1326   8.3148e+14
30.3902   8.1381e+14
30.6501   7.96147e+14
30.9122   7.78531e+14
31.1765   7.61002e+14
31.443   7.43597e+14
31.7119   7.26445e+14
31.983   7.10015e+14
32.2565   6.93627e+14
32.5323   6.77318e+14
32.8105   6.61122e+14
33.091   6.45072e+14
33.3739   6.29196e+14
33.6593   6.13773e+14
33.9471   5.98742e+14
34.2374   5.83825e+14
34.5301   5.69051e+14
34.8254   5.54443e+14
35.1231   5.40024e+14
35.4234   5.25924e+14
35.7263   5.12293e+14
36.0318   4.98806e+14
36.3399   4.85486e+14
36.6506   4.72351e+14
36.964   4.59419e+14
37.28   4.46829e+14
37.5988   4.34604e+14
37.9203   4.22547e+14
38.2445   4.10674e+14
38.5715   3.98999e+14
38.9013   3.87536e+14
39.2339   3.76491e+14
39.5694   3.65651e+14
39.9077   3.54994e+14
40.249   3.44531e+14
40.5931   3.34273e+14
40.9402   3.24336e+14
41.2902   3.1465e+14
41.6433   3.05144e+14
41.9993   2.95826e+14
42.3585   2.86703e+14
42.7206   2.7787e+14
43.0859   2.69263e+14
43.4543   2.60832e+14
43.8259   2.52584e+14
44.2006   2.44522e+14
44.5785   2.36747e+14
44.9597   2.2915e+14
45.3441   2.21726e+14
45.7318   2.14478e+14
46.1228   2.0744e+14
46.5172   2.00616e+14
46.9149   1.93949e+14
47.3161   1.87437e+14
47.7207   1.81089e+14
48.1287   1.74952e+14
48.5402   1.68956e+14
48.9552   1.63104e+14
49.3738   1.57398e+14
49.796   1.51885e+14
50.2218   1.4651e+14
50.6512   1.41276e+14
51.0843   1.36184e+14
51.5211   1.31274e+14
51.9616   1.26501e+14
52.4059   1.21871e+14
52.854   1.17393e+14
53.3059   1.13089e+14
53.7617   1.08937e+14
54.2213   1.04954e+14
54.685   1.01182e+14
55.1525   9.73872e+13
55.6241   9.35815e+13
56.0997   8.97931e+13
56.5794   8.60465e+13
57.0632   8.23623e+13
57.5511   7.87579e+13
58.0432   7.52479e+13
58.5394   7.18442e+13
59.04   6.85567e+13
59.5448   6.53932e+13
60.0539   6.23658e+13
60.5674   5.94688e+13
61.0853   5.67117e+13
61.6076   5.40979e+13
62.1344   5.1631e+13
62.6656   4.93149e+13
63.2014   4.71545e+13
63.7418   4.51567e+13
64.2868   4.33318e+13
64.8365   4.16962e+13
65.3909   4.02758e+13
65.95   3.91141e+13
66.5139   3.82854e+13
67.0826   3.79242e+13
67.6562   3.82924e+13
68.2347   3.99558e+13
68.8181   4.4351e+13
69.4065   5.61939e+13
70   0
