1   5.80239e+29
1.40459   4.19543e+29
1.80918   3.30721e+29
2.21377   2.74464e+29
2.61836   2.35607e+29
3.02295   2.07112e+29
3.42754   1.85283e+29
3.83213   1.67995e+29
4.23672   1.5394e+29
4.64131   1.42272e+29
5.0459   1.32415e+29
5.45049   1.23969e+29
5.85508   1.16641e+29
6.25967   1.10217e+29
6.66427   1.04533e+29
7.06886   9.94646e+28
7.47345   9.49127e+28
7.87804   9.07992e+28
8.28263   8.7061e+28
8.68722   8.36468e+28
9.09181   8.05144e+28
9.4964   7.76286e+28
9.90099   7.496e+28
10.3056   7.24838e+28
10.7102   7.01787e+28
11.1148   6.80267e+28
11.5193   6.60122e+28
11.9239   6.41217e+28
12.3285   6.23434e+28
12.7331   6.0667e+28
13.1377   5.90834e+28
13.5423   5.75847e+28
13.9469   5.61638e+28
14.3515   5.48143e+28
14.7561   5.35306e+28
15.1607   5.23077e+28
15.5653   5.1141e+28
15.9698   5.00265e+28
16.3744   4.89605e+28
16.779   4.79396e+28
17.1836   4.69607e+28
17.5882   4.60212e+28
17.9928   4.51184e+28
18.3974   4.42501e+28
18.802   4.34141e+28
19.2066   4.26086e+28
19.6112   4.18316e+28
20.0157   4.10816e+28
20.4203   4.0357e+28
20.8249   3.96564e+28
21.2295   3.89786e+28
21.6341   3.83222e+28
22.0387   3.76862e+28
22.4433   3.70695e+28
22.8479   3.64711e+28
23.2525   3.58902e+28
23.6571   3.53258e+28
24.0617   3.47772e+28
24.4662   3.42436e+28
24.8708   3.37244e+28
25.2754   3.32188e+28
25.68   3.27262e+28
26.0846   3.22462e+28
26.4892   3.1778e+28
26.8938   3.13213e+28
27.2984   3.08755e+28
27.703   3.04402e+28
28.1076   3.00149e+28
28.5121   2.95992e+28
28.9167   2.91927e+28
29.3213   2.87952e+28
29.7259   2.84061e+28
30.1305   2.80253e+28
30.5351   2.76523e+28
30.9397   2.72869e+28
31.3443   2.69288e+28
31.7489   2.65778e+28
32.1535   2.62335e+28
32.558   2.58958e+28
32.9626   2.55644e+28
33.3672   2.52391e+28
33.7718   2.49197e+28
34.1764   2.4606e+28
34.581   2.42977e+28
34.9856   2.39948e+28
35.3902   2.3697e+28
35.7948   2.34042e+28
36.1994   2.31163e+28
36.604   2.2833e+28
37.0085   2.25542e+28
37.4131   2.22798e+28
37.8177   2.20096e+28
38.2223   2.17436e+28
38.6269   2.14816e+28
39.0315   2.12236e+28
39.4361   2.09692e+28
39.8407   2.07186e+28
40.2453   2.04716e+28
40.6499   2.0228e+28
41.0544   1.99878e+28
41.459   1.9751e+28
41.8636   1.95173e+28
42.2682   1.92868e+28
42.6728   1.90593e+28
43.0774   1.88348e+28
43.482   1.86133e+28
43.8866   1.83945e+28
44.2912   1.81786e+28
44.6958   1.79653e+28
45.1004   1.77547e+28
45.5049   1.75467e+28
45.9095   1.73412e+28
46.3141   1.71383e+28
46.7187   1.69377e+28
47.1233   1.67395e+28
47.5279   1.65437e+28
47.9325   1.63501e+28
48.3371   1.61588e+28
48.7417   1.59697e+28
49.1463   1.57827e+28
49.5508   1.55979e+28
49.9554   1.54151e+28
50.36   1.52344e+28
50.7646   1.50557e+28
51.1692   1.4879e+28
51.5738   1.47042e+28
51.9784   1.45314e+28
52.383   1.43604e+28
52.7876   1.41913e+28
53.1922   1.4024e+28
53.5967   1.38585e+28
54.0013   1.36948e+28
54.4059   1.35329e+28
54.8105   1.33727e+28
55.2151   1.32142e+28
55.6197   1.30573e+28
56.0243   1.29022e+28
56.4289   1.27487e+28
56.8335   1.25968e+28
57.2381   1.24465e+28
57.6427   1.22978e+28
58.0472   1.21506e+28
58.4518   1.20051e+28
58.8564   1.1861e+28
59.261   1.17185e+28
59.6656   1.15775e+28
60.0702   1.14379e+28
60.4748   1.12998e+28
60.8794   1.11632e+28
61.284   1.10281e+28
61.6886   1.08943e+28
62.0931   1.0762e+28
62.4977   1.06311e+28
62.9023   1.05015e+28
63.3069   1.03734e+28
63.7115   1.02466e+28
64.1161   1.01211e+28
64.5207   9.99705e+27
64.9253   9.87428e+27
65.3299   9.75284e+27
65.7345   9.6327e+27
66.139   9.51387e+27
66.5436   9.39632e+27
66.9482   9.28004e+27
67.3528   9.16503e+27
67.7574   9.05128e+27
68.162   8.93878e+27
68.5666   8.82751e+27
68.9712   8.71746e+27
69.3758   8.60864e+27
69.7804   8.50102e+27
70.185   8.39459e+27
70.5895   8.28936e+27
70.9941   8.18531e+27
71.3987   8.08242e+27
71.8033   7.9807e+27
72.2079   7.88012e+27
72.6125   7.78069e+27
73.0171   7.68239e+27
73.4217   7.58521e+27
73.8263   7.48915e+27
74.2309   7.3942e+27
74.6354   7.28314e+27
75.04   7.17117e+27
75.4446   7.06094e+27
75.8492   6.9524e+27
76.2538   6.84553e+27
76.6584   6.74032e+27
77.063   6.63673e+27
77.4676   6.53474e+27
77.8722   6.43433e+27
78.2768   6.33548e+27
78.6814   6.23816e+27
79.0859   6.14234e+27
79.4905   6.04802e+27
79.8951   5.95516e+27
80.2997   5.86374e+27
80.7043   5.77374e+27
81.1089   5.68515e+27
81.5135   5.59794e+27
81.9181   5.51208e+27
82.3227   5.42757e+27
82.7273   5.34438e+27
83.1318   5.26249e+27
83.5364   5.18188e+27
83.941   5.10253e+27
84.3456   5.02442e+27
84.7502   4.94754e+27
85.1548   4.87187e+27
85.5594   4.79738e+27
85.964   4.72407e+27
86.3686   4.65191e+27
86.7732   4.58088e+27
87.1777   4.51098e+27
87.5823   4.44217e+27
87.9869   4.37445e+27
88.3915   4.3078e+27
88.7961   4.2422e+27
89.2007   4.17764e+27
89.6053   4.1141e+27
90.0099   4.05157e+27
90.4145   3.99002e+27
90.8191   3.92945e+27
91.2237   3.86984e+27
91.6282   3.81117e+27
92.0328   3.75343e+27
92.4374   3.69661e+27
92.842   3.6407e+27
93.2466   3.58567e+27
93.6512   3.53151e+27
94.0558   3.47821e+27
94.4604   3.42577e+27
94.865   3.37415e+27
95.2696   3.32336e+27
95.6741   3.27337e+27
96.0787   3.22418e+27
96.4833   3.17578e+27
96.8879   3.12814e+27
97.2925   3.08126e+27
97.6971   3.03513e+27
98.1017   2.98973e+27
98.5063   2.94506e+27
98.9109   2.9011e+27
99.3155   2.85784e+27
99.7201   2.81526e+27
100.125   2.77337e+27
100.529   2.73214e+27
100.934   2.69157e+27
101.338   2.65165e+27
101.743   2.61236e+27
102.148   2.5737e+27
102.552   2.53566e+27
102.957   2.49822e+27
103.361   2.46137e+27
103.766   2.42511e+27
104.171   2.38943e+27
104.575   2.35432e+27
104.98   2.31976e+27
105.384   2.28576e+27
105.789   2.25229e+27
106.193   2.21936e+27
106.598   2.18695e+27
107.003   2.15506e+27
107.407   2.12367e+27
107.812   2.09278e+27
108.216   2.06237e+27
108.621   2.03246e+27
109.026   2.00301e+27
109.43   1.97403e+27
109.835   1.94551e+27
110.239   1.91744e+27
110.644   1.88982e+27
111.049   1.86263e+27
111.453   1.83587e+27
111.858   1.80953e+27
112.262   1.78361e+27
112.667   1.7581e+27
113.072   1.73299e+27
113.476   1.70827e+27
113.881   1.68394e+27
114.285   1.66e+27
114.69   1.63643e+27
115.094   1.61323e+27
115.499   1.5904e+27
115.904   1.56792e+27
116.308   1.5458e+27
116.713   1.52402e+27
117.117   1.50258e+27
117.522   1.48148e+27
117.927   1.4607e+27
118.331   1.44025e+27
118.736   1.42012e+27
119.14   1.4003e+27
119.545   1.38079e+27
119.95   1.36158e+27
120.354   1.34268e+27
120.759   1.32406e+27
121.163   1.30573e+27
121.568   1.28769e+27
121.973   1.26992e+27
122.377   1.25243e+27
122.782   1.23521e+27
123.186   1.21826e+27
123.591   1.20156e+27
123.995   1.18512e+27
124.4   1.16894e+27
124.805   1.153e+27
125.209   1.13731e+27
125.614   1.12185e+27
126.018   1.10664e+27
126.423   1.09165e+27
126.828   1.0769e+27
127.232   1.06237e+27
127.637   1.04806e+27
128.041   1.03396e+27
128.446   1.02009e+27
128.851   1.00642e+27
129.255   9.92957e+26
129.66   9.797e+26
130.064   9.66642e+26
130.469   9.53782e+26
130.874   9.41116e+26
131.278   9.2864e+26
131.683   9.16352e+26
132.087   9.04248e+26
132.492   8.92325e+26
132.896   8.80581e+26
133.301   8.69012e+26
133.706   8.57617e+26
134.11   8.46391e+26
134.515   8.35332e+26
134.919   8.24437e+26
135.324   8.13705e+26
135.729   8.03131e+26
136.133   7.92714e+26
136.538   7.82451e+26
136.942   7.72339e+26
137.347   7.62377e+26
137.752   7.52561e+26
138.156   7.4289e+26
138.561   7.3336e+26
138.965   7.2397e+26
139.37   7.14718e+26
139.774   7.05601e+26
140.179   6.96617e+26
140.584   6.87764e+26
140.988   6.79039e+26
141.393   6.70442e+26
141.797   6.61969e+26
142.202   6.53619e+26
142.607   6.4539e+26
143.011   6.37279e+26
143.416   6.29286e+26
143.82   6.21407e+26
144.225   6.13642e+26
144.63   6.05989e+26
145.034   5.98445e+26
145.439   5.91009e+26
145.843   5.83679e+26
146.248   5.76454e+26
146.653   5.69332e+26
147.057   5.62311e+26
147.462   5.55389e+26
147.866   5.48566e+26
148.271   5.4184e+26
148.675   5.35208e+26
149.08   5.2867e+26
149.485   5.22225e+26
149.889   5.1587e+26
150.294   5.09604e+26
150.698   5.03426e+26
151.103   4.97334e+26
151.508   4.91328e+26
151.912   4.85405e+26
152.317   4.79565e+26
152.721   4.73807e+26
153.126   4.68128e+26
153.531   4.62528e+26
153.935   4.57005e+26
154.34   4.51559e+26
154.744   4.46188e+26
155.149   4.40891e+26
155.554   4.35666e+26
155.958   4.30514e+26
156.363   4.25432e+26
156.767   4.2042e+26
157.172   4.15476e+26
157.576   4.10599e+26
157.981   4.05789e+26
158.386   4.01045e+26
158.79   3.96364e+26
159.195   3.91747e+26
159.599   3.87193e+26
160.004   3.827e+26
160.409   3.78268e+26
160.813   3.73895e+26
161.218   3.69581e+26
161.622   3.65325e+26
162.027   3.61126e+26
162.432   3.56983e+26
162.836   3.52896e+26
163.241   3.48863e+26
163.645   3.44883e+26
164.05   3.40957e+26
164.455   3.37082e+26
164.859   3.33259e+26
165.264   3.29486e+26
165.668   3.25763e+26
166.073   3.22089e+26
166.477   3.18463e+26
166.882   3.14885e+26
167.287   3.11354e+26
167.691   3.07869e+26
168.096   3.0443e+26
168.5   3.01035e+26
168.905   2.97685e+26
169.31   2.94378e+26
169.714   2.91114e+26
170.119   2.87892e+26
170.523   2.84712e+26
170.928   2.81573e+26
171.333   2.78474e+26
171.737   2.75415e+26
172.142   2.72396e+26
172.546   2.69415e+26
172.951   2.66472e+26
173.355   2.63567e+26
173.76   2.60699e+26
174.165   2.57868e+26
174.569   2.55072e+26
174.974   2.52312e+26
175.378   2.49587e+26
175.783   2.46897e+26
176.188   2.4424e+26
176.592   2.41617e+26
176.997   2.39027e+26
177.401   2.36469e+26
177.806   2.33943e+26
178.211   2.31449e+26
178.615   2.28986e+26
179.02   2.26554e+26
179.424   2.24153e+26
179.829   2.21781e+26
180.234   2.19438e+26
180.638   2.17125e+26
181.043   2.1484e+26
181.447   2.12583e+26
181.852   2.10354e+26
182.256   2.08153e+26
182.661   2.05978e+26
183.066   2.03831e+26
183.47   2.01709e+26
183.875   1.99614e+26
184.279   1.97544e+26
184.684   1.95499e+26
185.089   1.93479e+26
185.493   1.91484e+26
185.898   1.89513e+26
186.302   1.87566e+26
186.707   1.85642e+26
187.112   1.83741e+26
187.516   1.81864e+26
187.921   1.80008e+26
188.325   1.78176e+26
188.73   1.76365e+26
189.135   1.74575e+26
189.539   1.72807e+26
189.944   1.71061e+26
190.348   1.69334e+26
190.753   1.67629e+26
191.157   1.65944e+26
191.562   1.64278e+26
191.967   1.62632e+26
192.371   1.61006e+26
192.776   1.59399e+26
193.18   1.57811e+26
193.585   1.56241e+26
193.99   1.5469e+26
194.394   1.53157e+26
194.799   1.51641e+26
195.203   1.50144e+26
195.608   1.48664e+26
196.013   1.47201e+26
196.417   1.45755e+26
196.822   1.44326e+26
197.226   1.42913e+26
197.631   1.41517e+26
198.036   1.40137e+26
198.44   1.38772e+26
198.845   1.37423e+26
199.249   1.3609e+26
199.654   1.34772e+26
200.058   1.33469e+26
200.463   1.32181e+26
200.868   1.30908e+26
201.272   1.29649e+26
201.677   1.28404e+26
202.081   1.27174e+26
202.486   1.25957e+26
202.891   1.24754e+26
203.295   1.23565e+26
203.7   1.22389e+26
204.104   1.21226e+26
204.509   1.20077e+26
204.914   1.1894e+26
205.318   1.17816e+26
205.723   1.16704e+26
206.127   1.15605e+26
206.532   1.14518e+26
206.936   1.13444e+26
207.341   1.12381e+26
207.746   1.1133e+26
208.15   1.1029e+26
208.555   1.09262e+26
208.959   1.08245e+26
209.364   1.0724e+26
209.769   1.06245e+26
210.173   1.05262e+26
210.578   1.04289e+26
210.982   1.03327e+26
211.387   1.02375e+26
211.792   1.01434e+26
212.196   1.00503e+26
212.601   9.9582e+25
213.005   9.86711e+25
213.41   9.777e+25
213.815   9.68786e+25
214.219   9.59969e+25
214.624   9.51246e+25
215.028   9.42618e+25
215.433   9.34082e+25
215.837   9.25638e+25
216.242   9.17284e+25
216.647   9.09019e+25
217.051   9.00842e+25
217.456   8.92753e+25
217.86   8.84749e+25
218.265   8.76831e+25
218.67   8.68996e+25
219.074   8.61245e+25
219.479   8.53575e+25
219.883   8.45986e+25
220.288   8.38477e+25
220.693   8.31048e+25
221.097   8.23696e+25
221.502   8.16421e+25
221.906   8.09222e+25
222.311   8.02099e+25
222.716   7.9505e+25
223.12   7.88074e+25
223.525   7.81171e+25
223.929   7.74339e+25
224.334   7.67579e+25
224.738   7.60888e+25
225.143   7.54267e+25
225.548   7.47714e+25
225.952   7.41228e+25
226.357   7.34809e+25
226.761   7.28456e+25
227.166   7.22168e+25
227.571   7.15945e+25
227.975   7.09785e+25
228.38   7.03688e+25
228.784   6.97653e+25
229.189   6.91679e+25
229.594   6.85767e+25
229.998   6.79914e+25
230.403   6.7412e+25
230.807   6.68385e+25
231.212   6.62708e+25
231.617   6.57088e+25
232.021   6.51525e+25
232.426   6.46018e+25
232.83   6.40566e+25
233.235   6.35168e+25
233.639   6.29825e+25
234.044   6.24534e+25
234.449   6.19297e+25
234.853   6.14112e+25
235.258   6.08978e+25
235.662   6.03895e+25
236.067   5.98863e+25
236.472   5.9388e+25
236.876   5.88947e+25
237.281   5.84062e+25
237.685   5.79226e+25
238.09   5.74437e+25
238.495   5.69695e+25
238.899   5.65e+25
239.304   5.6035e+25
239.708   5.55746e+25
240.113   5.51187e+25
240.518   5.46672e+25
240.922   5.42202e+25
241.327   5.37775e+25
241.731   5.3339e+25
242.136   5.29048e+25
242.54   5.24749e+25
242.945   5.2049e+25
243.35   5.16273e+25
243.754   5.12096e+25
244.159   5.0796e+25
244.563   5.03863e+25
244.968   4.99806e+25
245.373   4.95787e+25
245.777   4.91807e+25
246.182   4.87865e+25
246.586   4.8396e+25
246.991   4.80093e+25
247.396   4.76262e+25
247.8   4.72468e+25
248.205   4.68709e+25
248.609   4.64986e+25
249.014   4.61299e+25
249.418   4.57646e+25
249.823   4.54027e+25
250.228   4.50443e+25
250.632   4.46892e+25
251.037   4.43374e+25
251.441   4.39889e+25
251.846   4.36437e+25
252.251   4.33018e+25
252.655   4.2963e+25
253.06   4.26273e+25
253.464   4.22948e+25
253.869   4.19654e+25
254.274   4.1639e+25
254.678   4.13156e+25
255.083   4.09953e+25
255.487   4.06778e+25
255.892   4.03633e+25
256.297   4.00517e+25
256.701   3.9743e+25
257.106   3.94371e+25
257.51   3.9134e+25
257.915   3.88337e+25
258.319   3.85361e+25
258.724   3.82412e+25
259.129   3.7949e+25
259.533   3.76595e+25
259.938   3.73726e+25
260.342   3.70883e+25
260.747   3.68066e+25
261.152   3.65274e+25
261.556   3.62508e+25
261.961   3.59766e+25
262.365   3.57049e+25
262.77   3.54357e+25
263.175   3.51688e+25
263.579   3.49044e+25
263.984   3.46423e+25
264.388   3.43826e+25
264.793   3.41252e+25
265.198   3.38701e+25
265.602   3.36172e+25
266.007   3.33667e+25
266.411   3.31183e+25
266.816   3.28721e+25
267.22   3.26281e+25
267.625   3.23863e+25
268.03   3.21466e+25
268.434   3.1909e+25
268.839   3.16735e+25
269.243   3.14401e+25
269.648   3.12088e+25
270.053   3.09794e+25
270.457   0
270.862   0
271.266   0
271.671   0
272.076   0
272.48   0
272.885   0
273.289   0
273.694   0
274.099   0
274.503   0
274.908   0
275.312   0
275.717   0
276.121   0
276.526   0
276.931   0
277.335   0
277.74   0
278.144   0
278.549   0
278.954   0
279.358   0
279.763   0
280.167   0
280.572   0
280.977   0
281.381   0
281.786   0
282.19   0
282.595   0
282.999   0
283.404   0
283.809   0
284.213   0
284.618   0
285.022   0
285.427   0
285.832   0
286.236   0
286.641   0
287.045   0
287.45   0
287.855   0
288.259   0
288.664   0
289.068   0
289.473   0
289.878   0
290.282   0
290.687   0
291.091   0
291.496   0
291.9   0
292.305   0
292.71   0
293.114   0
293.519   0
293.923   0
294.328   0
294.733   0
295.137   0
295.542   0
295.946   0
296.351   0
296.756   0
297.16   0
297.565   0
297.969   0
298.374   0
298.779   0
299.183   0
299.588   0
299.992   0
300.397   0
300.801   0
301.206   0
301.611   0
302.015   0
302.42   0
302.824   0
303.229   0
303.634   0
304.038   0
304.443   0
304.847   0
305.252   0
305.657   0
306.061   0
306.466   0
306.87   0
307.275   0
307.68   0
308.084   0
308.489   0
308.893   0
309.298   0
309.702   0
310.107   0
310.512   0
310.916   0
311.321   0
311.725   0
312.13   0
312.535   0
312.939   0
313.344   0
313.748   0
314.153   0
314.558   0
314.962   0
315.367   0
315.771   0
316.176   0
316.58   0
316.985   0
317.39   0
317.794   0
318.199   0
318.603   0
319.008   0
319.413   0
319.817   0
320.222   0
320.626   0
321.031   0
321.436   0
321.84   0
322.245   0
322.649   0
323.054   0
323.459   0
323.863   0
324.268   0
324.672   0
325.077   0
325.481   0
325.886   0
326.291   0
326.695   0
327.1   0
327.504   0
327.909   0
328.314   0
328.718   0
329.123   0
329.527   0
329.932   0
330.337   0
330.741   0
331.146   0
331.55   0
331.955   0
332.36   0
332.764   0
333.169   0
333.573   0
333.978   0
334.382   0
334.787   0
335.192   0
335.596   0
336.001   0
336.405   0
336.81   0
337.215   0
337.619   0
338.024   0
338.428   0
338.833   0
339.238   0
339.642   0
340.047   0
340.451   0
340.856   0
341.261   0
341.665   0
342.07   0
342.474   0
342.879   0
343.283   0
343.688   0
344.093   0
344.497   0
344.902   0
345.306   0
345.711   0
346.116   0
346.52   0
346.925   0
347.329   0
347.734   0
348.139   0
348.543   0
348.948   0
349.352   0
349.757   0
350.161   0
350.566   0
350.971   0
351.375   0
351.78   0
352.184   0
352.589   0
352.994   0
353.398   0
353.803   0
354.207   0
354.612   0
355.017   0
355.421   0
355.826   0
356.23   0
356.635   0
357.04   0
357.444   0
357.849   0
358.253   0
358.658   0
359.062   0
359.467   0
359.872   0
360.276   0
360.681   0
361.085   0
361.49   0
361.895   0
362.299   0
362.704   0
363.108   0
363.513   0
363.918   0
364.322   0
364.727   0
365.131   0
365.536   0
365.941   0
366.345   0
366.75   0
367.154   0
367.559   0
367.963   0
368.368   0
368.773   0
369.177   0
369.582   0
369.986   0
370.391   0
370.796   0
371.2   0
371.605   0
372.009   0
372.414   0
372.819   0
373.223   0
373.628   0
374.032   0
374.437   0
374.842   0
375.246   0
375.651   0
376.055   0
376.46   0
376.864   0
377.269   0
377.674   0
378.078   0
378.483   0
378.887   0
379.292   0
379.697   0
380.101   0
380.506   0
380.91   0
381.315   0
381.72   0
382.124   0
382.529   0
382.933   0
383.338   0
383.742   0
384.147   0
384.552   0
384.956   0
385.361   0
385.765   0
386.17   0
386.575   0
386.979   0
387.384   0
387.788   0
388.193   0
388.598   0
389.002   0
389.407   0
389.811   0
390.216   0
390.621   0
391.025   0
391.43   0
391.834   0
392.239   0
392.643   0
393.048   0
393.453   0
393.857   0
394.262   0
394.666   0
395.071   0
395.476   0
395.88   0
396.285   0
396.689   0
397.094   0
397.499   0
397.903   0
398.308   0
398.712   0
399.117   0
399.522   0
399.926   0
400.331   0
400.735   0
401.14   0
401.544   0
401.949   0
402.354   0
402.758   0
403.163   0
403.567   0
403.972   0
404.377   0
404.781   0
405.186   0
