1   2.77585e+16
1.00855   2.71386e+16
1.01717   2.65372e+16
1.02587   2.59482e+16
1.03464   2.53748e+16
1.04349   2.48184e+16
1.05241   2.42732e+16
1.06141   2.37423e+16
1.07049   2.32272e+16
1.07964   2.27219e+16
1.08887   2.22297e+16
1.09818   2.17526e+16
1.10757   2.12836e+16
1.11704   2.0827e+16
1.12659   2.03851e+16
1.13622   1.9949e+16
1.14594   1.95249e+16
1.15574   1.91113e+16
1.16562   1.87094e+16
1.17559   1.83151e+16
1.18564   1.79305e+16
1.19577   1.75571e+16
1.206   1.71901e+16
1.21631   1.68322e+16
1.22671   1.64854e+16
1.2372   1.61431e+16
1.24778   1.58097e+16
1.25845   1.54842e+16
1.26921   1.51679e+16
1.28006   1.4857e+16
1.291   1.45535e+16
1.30204   1.42592e+16
1.31318   1.39687e+16
1.3244   1.36854e+16
1.33573   1.34088e+16
1.34715   1.314e+16
1.35867   1.28753e+16
1.37028   1.26169e+16
1.382   1.23675e+16
1.39382   1.21187e+16
1.40574   1.18771e+16
1.41776   1.1641e+16
1.42988   1.14121e+16
1.4421   1.11856e+16
1.45443   1.09647e+16
1.46687   1.07487e+16
1.47941   1.05391e+16
1.49206   1.0332e+16
1.50482   1.01297e+16
1.51769   9.93195e+15
1.53066   9.73998e+15
1.54375   9.55023e+15
1.55695   9.36488e+15
1.57026   9.18359e+15
1.58369   9.00766e+15
1.59723   8.83361e+15
1.61089   8.66358e+15
1.62466   8.49724e+15
1.63855   8.336e+15
1.65256   8.17609e+15
1.66669   8.01996e+15
1.68094   7.8672e+15
1.69532   7.71975e+15
1.70981   7.57231e+15
1.72443   7.42879e+15
1.73918   7.28839e+15
1.75405   7.15092e+15
1.76904   7.01745e+15
1.78417   6.88537e+15
1.79943   6.7562e+15
1.81481   6.62974e+15
1.83033   6.50745e+15
1.84598   6.3855e+15
1.86176   6.26655e+15
1.87768   6.15011e+15
1.89374   6.03609e+15
1.90993   5.92548e+15
1.92626   5.88547e+15
1.94273   5.92492e+15
1.95934   5.96198e+15
1.97609   5.99661e+15
1.99299   6.02942e+15
2.01003   6.05836e+15
2.02722   6.08456e+15
2.04455   6.10789e+15
2.06203   6.12829e+15
2.07966   6.14627e+15
2.09744   6.16003e+15
2.11538   6.17069e+15
2.13347   6.17811e+15
2.15171   6.18238e+15
2.17011   6.18388e+15
2.18866   6.181e+15
2.20737   6.17491e+15
2.22625   6.16555e+15
2.24528   6.15305e+15
2.26448   6.13782e+15
2.28384   6.11815e+15
2.30337   6.09559e+15
2.32307   6.07014e+15
2.34293   6.04219e+15
2.36296   6.01279e+15
2.38317   5.97517e+15
2.40354   5.93745e+15
2.42409   5.89715e+15
2.44482   5.85438e+15
2.46573   5.80933e+15
2.48681   5.76243e+15
2.50807   5.71189e+15
2.52952   5.65968e+15
2.55114   5.60559e+15
2.57296   5.54975e+15
2.59496   5.49239e+15
2.61715   5.43387e+15
2.63952   5.37267e+15
2.66209   5.31054e+15
2.68485   5.24734e+15
2.70781   5.18322e+15
2.73096   5.11847e+15
2.75431   5.05353e+15
2.77786   4.98534e+15
2.80162   4.91778e+15
2.82557   4.84982e+15
2.84973   4.78153e+15
2.8741   4.71303e+15
2.89867   4.64446e+15
2.92346   4.57608e+15
2.94845   4.50693e+15
2.97366   4.43803e+15
2.99909   4.36933e+15
3.02473   4.3009e+15
3.05059   4.23281e+15
3.07668   4.1652e+15
3.10298   4.09823e+15
3.12952   4.03112e+15
3.15627   3.96466e+15
3.18326   3.89881e+15
3.21048   3.83361e+15
3.23793   3.76912e+15
3.26562   3.70543e+15
3.29354   3.64269e+15
3.3217   3.58003e+15
3.3501   3.5183e+15
3.37875   3.45742e+15
3.40764   3.39736e+15
3.43677   3.33818e+15
3.46616   3.27988e+15
3.49579   3.22255e+15
3.52568   3.16631e+15
3.55583   3.11058e+15
3.58623   3.05598e+15
3.6169   3.00267e+15
3.64782   2.95108e+15
3.67901   2.90214e+15
3.71047   2.85792e+15
3.7422   2.82285e+15
3.77419   2.80665e+15
3.80646   2.82094e+15
3.83901   2.83349e+15
3.87184   2.84419e+15
3.90494   2.85303e+15
3.93833   2.85997e+15
3.972   2.86503e+15
4.00597   2.86822e+15
4.04022   2.86979e+15
4.07476   2.8684e+15
4.10961   2.86556e+15
4.14474   2.86087e+15
4.18018   2.85434e+15
4.21593   2.84603e+15
4.25197   2.83597e+15
4.28833   2.82422e+15
4.325   2.81086e+15
4.36198   2.79593e+15
4.39927   2.77962e+15
4.43689   2.76159e+15
4.47483   2.74223e+15
4.51309   2.7216e+15
4.55167   2.69976e+15
4.59059   2.67679e+15
4.62984   2.65278e+15
4.66943   2.62781e+15
4.70936   2.60197e+15
4.74962   2.57531e+15
4.79023   2.54804e+15
4.83119   2.51987e+15
4.8725   2.49116e+15
4.91416   2.46197e+15
4.95618   2.43237e+15
4.99856   2.40246e+15
5.0413   2.37232e+15
5.0844   2.34207e+15
5.12788   2.31185e+15
5.17172   2.28173e+15
5.21594   2.2521e+15
5.26054   2.22258e+15
5.30552   2.19397e+15
5.35088   2.16654e+15
5.39664   2.14075e+15
5.44278   2.11727e+15
5.48932   2.097e+15
5.53625   2.08123e+15
5.58359   2.07158e+15
5.63133   2.07087e+15
5.67948   2.08136e+15
5.72804   2.09001e+15
5.77702   2.09695e+15
5.82641   2.10184e+15
5.87623   2.10498e+15
5.92648   2.10635e+15
5.97715   2.10599e+15
6.02826   2.10395e+15
6.0798   2.10028e+15
6.13179   2.09504e+15
6.18421   2.08832e+15
6.23709   2.08018e+15
6.29042   2.07072e+15
6.34421   2.06002e+15
6.39845   2.04818e+15
6.45316   2.0354e+15
6.50834   2.02151e+15
6.56399   2.00685e+15
6.62011   1.99151e+15
6.67672   1.97563e+15
6.7338   1.95936e+15
6.79138   1.94285e+15
6.84945   1.92628e+15
6.90801   1.90986e+15
6.96708   1.8938e+15
7.02665   1.87835e+15
7.08673   1.8638e+15
7.14733   1.8505e+15
7.20844   1.83879e+15
7.27007   1.82918e+15
7.33223   1.82226e+15
7.39493   1.81825e+15
7.45816   1.81758e+15
7.52193   1.82589e+15
7.58624   1.83237e+15
7.65111   1.83709e+15
7.71653   1.84012e+15
7.78251   1.84153e+15
7.84905   1.84141e+15
7.91616   1.83988e+15
7.98385   1.83704e+15
8.05211   1.83301e+15
8.12096   1.82791e+15
8.1904   1.82187e+15
8.26043   1.81503e+15
8.33106   1.80768e+15
8.40229   1.79957e+15
8.47414   1.79123e+15
8.54659   1.78274e+15
8.61967   1.77427e+15
8.69337   1.76602e+15
8.7677   1.75818e+15
8.84267   1.75099e+15
8.91828   1.74461e+15
8.99453   1.73939e+15
9.07144   1.7357e+15
9.149   1.73351e+15
9.22723   1.73268e+15
9.30613   1.73585e+15
9.3857   1.7425e+15
9.46595   1.74758e+15
9.54688   1.75118e+15
9.62851   1.75343e+15
9.71084   1.75446e+15
9.79387   1.75447e+15
9.87761   1.75342e+15
9.96207   1.75158e+15
10.0473   1.74908e+15
10.1332   1.74607e+15
10.2198   1.7427e+15
10.3072   1.73913e+15
10.3953   1.73553e+15
10.4842   1.73204e+15
10.5738   1.72881e+15
10.6643   1.72607e+15
10.7554   1.72409e+15
10.8474   1.72291e+15
10.9401   1.72244e+15
11.0337   1.72261e+15
11.128   1.72639e+15
11.2232   1.73209e+15
11.3191   1.73638e+15
11.4159   1.73939e+15
11.5135   1.74126e+15
11.612   1.74213e+15
11.7113   1.74213e+15
11.8114   1.74146e+15
11.9124   1.74013e+15
12.0142   1.73838e+15
12.117   1.73631e+15
12.2206   1.73403e+15
12.3251   1.73179e+15
12.4305   1.72977e+15
12.5367   1.72801e+15
12.6439   1.72644e+15
12.752   1.72502e+15
12.8611   1.72382e+15
12.971   1.72732e+15
13.082   1.72971e+15
13.1938   1.7308e+15
13.3066   1.73075e+15
13.4204   1.72968e+15
13.5351   1.72773e+15
13.6509   1.72502e+15
13.7676   1.72165e+15
13.8853   1.71782e+15
14.004   1.7137e+15
14.1238   1.70938e+15
14.2445   1.70489e+15
14.3663   1.70021e+15
14.4892   1.69534e+15
14.6131   1.69036e+15
14.738   1.68845e+15
14.864   1.68643e+15
14.9911   1.68312e+15
15.1193   1.6787e+15
15.2486   1.6733e+15
15.379   1.66704e+15
15.5104   1.66011e+15
15.6431   1.65264e+15
15.7768   1.64471e+15
15.9117   1.63635e+15
16.0478   1.62759e+15
16.185   1.61845e+15
16.3234   1.60903e+15
16.4629   1.60087e+15
16.6037   1.59392e+15
16.7457   1.58583e+15
16.8889   1.57674e+15
17.0333   1.5668e+15
17.1789   1.55616e+15
17.3258   1.54492e+15
17.4739   1.53313e+15
17.6233   1.52085e+15
17.774   1.50813e+15
17.926   1.49502e+15
18.0793   1.4816e+15
18.2339   1.46947e+15
18.3898   1.45787e+15
18.547   1.44541e+15
18.7056   1.43223e+15
18.8655   1.41842e+15
19.0268   1.40406e+15
19.1895   1.38921e+15
19.3536   1.37392e+15
19.5191   1.35825e+15
19.686   1.34228e+15
19.8543   1.32611e+15
20.0241   1.31162e+15
20.1953   1.29681e+15
20.3679   1.28142e+15
20.5421   1.26551e+15
20.7177   1.24915e+15
20.8949   1.23241e+15
21.0735   1.21535e+15
21.2537   1.19803e+15
21.4355   1.18054e+15
21.6187   1.1632e+15
21.8036   1.14716e+15
21.99   1.13067e+15
22.178   1.11379e+15
22.3677   1.09658e+15
22.5589   1.0791e+15
22.7518   1.06143e+15
22.9463   1.04363e+15
23.1425   1.02577e+15
23.3404   1.0082e+15
23.54   9.91546e+14
23.7413   9.74604e+14
23.9443   9.5744e+14
24.149   9.40116e+14
24.3555   9.22693e+14
24.5637   9.05221e+14
24.7738   8.8775e+14
24.9856   8.70347e+14
25.1992   8.53964e+14
25.4147   8.37431e+14
25.632   8.20806e+14
25.8511   8.04138e+14
26.0722   7.87469e+14
26.2951   7.7084e+14
26.5199   7.54289e+14
26.7467   7.38162e+14
26.9754   7.22526e+14
27.206   7.06873e+14
27.4387   6.9124e+14
27.6733   6.75663e+14
27.9099   6.60176e+14
28.1485   6.44814e+14
28.3892   6.29789e+14
28.632   6.15268e+14
28.8768   6.008e+14
29.1237   5.86415e+14
29.3727   5.72142e+14
29.6238   5.58011e+14
29.8771   5.44067e+14
30.1326   5.30578e+14
30.3902   5.17345e+14
30.6501   5.04226e+14
30.9122   4.91244e+14
31.1765   4.78419e+14
31.443   4.65771e+14
31.7119   4.53472e+14
31.983   4.41512e+14
32.2565   4.29691e+14
32.5323   4.18027e+14
32.8105   4.06535e+14
33.091   3.95231e+14
33.3739   3.8428e+14
33.6593   3.73597e+14
33.9471   3.63072e+14
34.2374   3.52718e+14
34.5301   3.42547e+14
34.8254   3.32581e+14
35.1231   3.22993e+14
35.4234   3.13564e+14
35.7263   3.04305e+14
36.0318   2.95223e+14
36.3399   2.86327e+14
36.6506   2.77746e+14
36.964   2.69357e+14
37.28   2.61134e+14
37.5988   2.53083e+14
37.9203   2.4521e+14
38.2445   2.37617e+14
38.5715   2.30203e+14
38.9013   2.22949e+14
39.2339   2.15859e+14
39.5694   2.08948e+14
39.9077   2.02286e+14
40.249   1.95773e+14
40.5931   1.89414e+14
40.9402   1.8321e+14
41.2902   1.77206e+14
41.6433   1.71379e+14
41.9993   1.65694e+14
42.3585   1.60153e+14
42.7206   1.54775e+14
43.0859   1.49579e+14
43.4543   1.44517e+14
43.8259   1.39589e+14
44.2006   1.34802e+14
44.5785   1.30185e+14
44.9597   1.25688e+14
45.3441   1.21313e+14
45.7318   1.17064e+14
46.1228   1.1296e+14
46.5172   1.08966e+14
46.9149   1.05082e+14
47.3161   1.01319e+14
47.7207   9.76767e+13
48.1287   9.41369e+13
48.5402   9.06994e+13
48.9552   8.73803e+13
49.3738   8.4164e+13
49.796   8.10449e+13
50.2218   7.80278e+13
50.6512   7.51192e+13
51.0843   7.23044e+13
51.5211   6.95841e+13
51.9616   6.6973e+13
52.4059   6.44601e+13
52.854   6.20503e+13
53.3059   5.97628e+13
53.7617   5.74881e+13
54.2213   5.52299e+13
54.685   5.29999e+13
55.1525   5.08077e+13
55.6241   4.86616e+13
56.0997   4.65683e+13
56.5794   4.45334e+13
57.0632   4.25616e+13
57.5511   4.06563e+13
58.0432   3.88205e+13
58.5394   3.70562e+13
59.04   3.53651e+13
59.5448   3.37481e+13
60.0539   3.22095e+13
60.5674   3.07432e+13
61.0853   2.93527e+13
61.6076   2.80385e+13
62.1344   2.68012e+13
62.6656   2.5642e+13
63.2014   2.45628e+13
63.7418   2.35671e+13
64.2868   2.26603e+13
64.8365   2.18514e+13
65.3909   2.1155e+13
65.95   2.05953e+13
66.5139   2.0214e+13
67.0826   2.00864e+13
67.6562   2.03581e+13
68.2347   2.13427e+13
68.8181   2.38336e+13
69.4065   3.04267e+13
70   0
