1   0
0.999482   0
0.998963   0
0.998445   0
0.997926   0
0.997408   0
0.99689   0
0.996371   0
0.995853   0
0.995334   0
0.994816   0
0.994297   0
0.993779   0
0.993261   0
0.992742   0
0.992224   0
0.991705   0
0.991187   0
0.990669   0
0.99015   0
0.989632   0
0.989113   0
0.988595   0
0.988076   0
0.987558   0
0.98704   0
0.986521   0
0.986003   0
0.985484   0
0.984966   0
0.984448   0
0.983929   0
0.983411   0
0.982892   0
0.982374   0
0.981855   0
0.981337   0
0.980819   0
0.9803   0
0.979782   0
0.979263   0
0.978745   0
0.978227   0
0.977708   0
0.97719   0
0.976671   0
0.976153   0
0.975634   0
0.975116   0
0.974598   0
0.974079   0
0.973561   0
0.973042   0
0.972524   0
0.972006   0
0.971487   0
0.970969   0
0.97045   0
0.969932   0
0.969413   0
0.968895   0
0.968377   0
0.967858   0
0.96734   0
0.966821   0
0.966303   0
0.965785   0
0.965266   0
0.964748   0
0.964229   0
0.963711   0
0.963192   0
0.962674   0
0.962156   0
0.961637   0
0.961119   0
0.9606   0
0.960082   0
0.959564   0
0.959045   0
0.958527   0
0.958008   0
0.95749   0
0.956971   0
0.956453   0
0.955935   0
0.955416   0
0.954898   0
0.954379   0
0.953861   0
0.953343   0
0.952824   0
0.952306   0
0.951787   0
0.951269   0
0.95075   0
0.950232   0
0.949714   0
0.949195   0
0.948677   0
0.948158   0
0.94764   0
0.947122   0
0.946603   0
0.946085   0
0.945566   0
0.945048   0
0.944529   0
0.944011   0
0.943493   0
0.942974   0
0.942456   0
0.941937   0
0.941419   0
0.940901   0
0.940382   0
0.939864   0
0.939345   0
0.938827   0
0.938308   0
0.93779   0
0.937272   0
0.936753   0
0.936235   0
0.935716   0
0.935198   0
0.93468   0
0.934161   0
0.933643   0
0.933124   0
0.932606   0
0.932087   0
0.931569   0
0.931051   0
0.930532   0
0.930014   0
0.929495   0
0.928977   0
0.928459   0
0.92794   0
0.927422   0
0.926903   0
0.926385   0
0.925866   0
0.925348   0
0.92483   0
0.924311   0
0.923793   0
0.923274   0
0.922756   0
0.922238   0
0.921719   0
0.921201   0
0.920682   0
0.920164   0
0.919645   0
0.919127   0
0.918609   0
0.91809   0
0.917572   0
0.917053   0
0.916535   0
0.916017   0
0.915498   0
0.91498   0
0.914461   0
0.913943   0
0.913424   0
0.912906   0
0.912388   0
0.911869   0
0.911351   0
0.910832   0
0.910314   0
0.909796   0
0.909277   0
0.908759   0
0.90824   0
0.907722   0
0.907204   0
0.906685   0
0.906167   0
0.905648   0
0.90513   0
0.904611   0
0.904093   0
0.903575   0
0.903056   0
0.902538   0
0.902019   0
0.901501   0
0.900983   0
0.900464   0
0.899946   0
0.899427   0
0.898909   0
0.89839   0
0.897872   0
0.897354   0
0.896835   0
0.896317   0
0.895798   0
0.89528   0
0.894762   0
0.894243   0
0.893725   0
0.893206   0
0.892688   0
0.892169   0
0.891651   0
0.891133   0
0.890614   0
0.890096   0
0.889577   0
0.889059   0
0.888541   0
0.888022   0
0.887504   0
0.886985   0
0.886467   0
0.885948   0
0.88543   0
0.884912   0
0.884393   0
0.883875   0
0.883356   0
0.882838   0
0.88232   0
0.881801   0
0.881283   0
0.880764   0
0.880246   0
0.879727   0
0.879209   0
0.878691   0
0.878172   0
0.877654   0
0.877135   0
0.876617   0
0.876099   0
0.87558   0
0.875062   0
0.874543   0
0.874025   0
0.873506   0
0.872988   0
0.87247   0
0.871951   0
0.871433   0
0.870914   0
0.870396   0
0.869878   0
0.869359   0
0.868841   0
0.868322   0
0.867804   0
0.867285   0
0.866767   0
0.866249   0
0.86573   0
0.865212   0
0.864693   0
0.864175   0
0.863657   0
0.863138   0
0.86262   0
0.862101   0
0.861583   0
0.861064   0
0.860546   0
0.860028   0
0.859509   0
0.858991   0
0.858472   0
0.857954   0
0.857436   0
0.856917   0
0.856399   0
0.85588   0
0.855362   0
0.854843   0
0.854325   0
0.853807   0
0.853288   0
0.85277   0
0.852251   0
0.851733   0
0.851215   0
0.850696   0
0.850178   0
0.849659   0
0.849141   0
0.848622   0
0.848104   0
0.847586   0
0.847067   0
0.846549   0
0.84603   0
0.845512   0
0.844994   0
0.844475   0
0.843957   0
0.843438   0
0.84292   0
0.842401   0
0.841883   0
0.841365   0
0.840846   0
0.840328   0
0.839809   0
0.839291   0
0.838773   0
0.838254   0
0.837736   0
0.837217   0
0.836699   0
0.83618   0
0.835662   0
0.835144   0
0.834625   0
0.834107   0
0.833588   0
0.83307   0
0.832552   0
0.832033   0
0.831515   0
0.830996   0
0.830478   0
0.829959   0
0.829441   0
0.828923   0
0.828404   0
0.827886   0
0.827367   0
0.826849   0
0.826331   0
0.825812   0
0.825294   0
0.824775   0
0.824257   0
0.823738   0
0.82322   0
0.822702   0
0.822183   0
0.821665   0
0.821146   0
0.820628   0
0.82011   0
0.819591   0
0.819073   0
0.818554   0
0.818036   0
0.817517   0
0.816999   0
0.816481   0
0.815962   0
0.815444   0
0.814925   0
0.814407   0
0.813889   0
0.81337   0
0.812852   0
0.812333   0
0.811815   0
0.811297   0
0.810778   0
0.81026   0
0.809741   0
0.809223   0
0.808704   0
0.808186   0
0.807668   0
0.807149   0
0.806631   0
0.806112   0
0.805594   0
0.805076   0
0.804557   0
0.804039   0
0.80352   0
0.803002   0
0.802483   0
0.801965   0
0.801447   0
0.800928   0
0.80041   0
0.799891   0
0.799373   0
0.798855   0
0.798336   0
0.797818   0
0.797299   0
0.796781   0
0.796262   0
0.795744   0
0.795226   0
0.794707   0
0.794189   0
0.79367   0
0.793152   0
0.792634   0
0.792115   0
0.791597   0
0.791078   0
0.79056   0
0.790041   0
0.789523   0
0.789005   0
0.788486   0
0.787968   0
0.787449   0
0.786931   0
0.786413   0
0.785894   0
0.785376   0
0.784857   0
0.784339   0
0.78382   0
0.783302   0
0.782784   0
0.782265   0
0.781747   0
0.781228   0
0.78071   0
0.780192   0
0.779673   0
0.779155   0
0.778636   0
0.778118   0
0.777599   0
0.777081   0
0.776563   0
0.776044   0
0.775526   0
0.775007   0
0.774489   0
0.773971   0
0.773452   0
0.772934   0
0.772415   0
0.771897   0
0.771378   0
0.77086   0
0.770342   0
0.769823   0
0.769305   0
0.768786   0
0.768268   0
0.76775   0
0.767231   0
0.766713   0
0.766194   0
0.765676   0
0.765157   0
0.764639   0
0.764121   0
0.763602   0
0.763084   0
0.762565   0
0.762047   0
0.761529   0
0.76101   0
0.760492   0
0.759973   0
0.759455   0
0.758936   0
0.758418   0
0.7579   0
0.757381   0
0.756863   0
0.756344   0
0.755826   0
0.755308   0
0.754789   0
0.754271   0
0.753752   0
0.753234   0
0.752715   0
0.752197   0
0.751679   0
0.75116   0
0.750642   0
0.750123   0
0.749605   0
0.749087   0
0.748568   0
0.74805   0
0.747531   0
0.747013   0
0.746494   0
0.745976   0
0.745458   0
0.744939   0
0.744421   0
0.743902   0
0.743384   0
0.742866   0
0.742347   0
0.741829   0
0.74131   0
0.740792   0
0.740273   0
0.739755   0
0.739237   0
0.738718   0
0.7382   0
0.737681   0
0.737163   0
0.736645   0
0.736126   0
0.735608   0
0.735089   0
0.734571   0
0.734052   0
0.733534   0
0.733016   0
0.732497   0
0.731979   0
0.73146   0
0.730942   0
0.730424   0
0.729905   0
0.729387   0
0.728868   0
0.72835   0
0.727831   0
0.727313   0
0.726795   0
0.726276   0
0.725758   0
0.725239   0
0.724721   0
0.724203   0
0.723684   0
0.723166   0
0.722647   0
0.722129   0
0.721611   0
0.721092   0
0.720574   0
0.720055   0
0.719537   0
0.719018   0
0.7185   0
0.717982   0
0.717463   0
0.716945   0
0.716426   0
0.715908   0
0.71539   0
0.714871   0
0.714353   0
0.713834   0
0.713316   0
0.712797   0
0.712279   0
0.711761   0
0.711242   0
0.710724   0
0.710205   0
0.709687   0
0.709169   0
0.70865   0
0.708132   0
0.707613   0
0.707095   0
0.706576   0
0.706058   0
0.70554   0
0.705021   0
0.704503   0
0.703984   0
0.703466   0
0.702948   0
0.702429   0
0.701911   0
0.701392   0
0.700874   0
0.700355   0
0.699837   0
0.699319   0
0.6988   0
0.698282   0
0.697763   0
0.697245   0
0.696727   0
0.696208   0
0.69569   0
0.695171   0
0.694653   0
0.694134   0
0.693616   0
0.693098   0
0.692579   0
0.692061   0
0.691542   0
0.691024   0
0.690506   0
0.689987   0
0.689469   0
0.68895   0
0.688432   0
0.687913   0
0.687395   0
0.686877   0
0.686358   0
0.68584   0
0.685321   0
0.684803   0
0.684285   0
0.683766   0
0.683248   0
0.682729   0
0.682211   0
0.681692   0
0.681174   0
0.680656   0
0.680137   0
0.679619   0
0.6791   0
0.678582   0
0.678064   0
0.677545   0
0.677027   0
0.676508   0
0.67599   0
0.675471   0
0.674953   0
0.674435   0
0.673916   0
0.673398   0
0.672879   0
0.672361   0
0.671843   0
0.671324   0
0.670806   0
0.670287   0
0.669769   0
0.66925   0
0.668732   0
0.668214   0
0.667695   0
0.667177   0
0.666658   0
0.66614   0
0.665622   0
0.665103   0
0.664585   0
0.664066   0
0.663548   0
0.663029   0
0.662511   0
0.661993   0
0.661474   0
0.660956   0
0.660437   0
0.659919   0
0.659401   0
0.658882   0
0.658364   0
0.657845   0
0.657327   0
0.656808   0
0.65629   0
0.655772   0
0.655253   0
0.654735   0
0.654216   0
0.653698   0
0.65318   0
0.652661   0
0.652143   0
0.651624   0
0.651106   0
0.650587   0
0.650069   0
0.649551   0
0.649032   0
0.648514   0
0.647995   0
0.647477   0
0.646959   0
0.64644   0
0.645922   0
0.645403   0
0.644885   0
0.644366   0
0.643848   0
0.64333   0
0.642811   0
0.642293   0
0.641774   0
0.641256   0
0.640738   0
0.640219   0
0.639701   0
0.639182   0
0.638664   0
0.638145   0
0.637627   0
0.637109   0
0.63659   0
0.636072   0
0.635553   0
0.635035   0
0.634517   0
0.633998   0
0.63348   0
0.632961   0
0.632443   0
0.631925   0
0.631406   0
0.630888   0
0.630369   0
0.629851   0
0.629332   0
0.628814   0
0.628296   0
0.627777   0
0.627259   0
0.62674   0
0.626222   0
0.625704   0
0.625185   0
0.624667   0
0.624148   0
0.62363   0
0.623111   0
0.622593   0
0.622075   0
0.621556   0
0.621038   0
0.620519   0
0.620001   0
0.619483   0
0.618964   0
0.618446   0
0.617927   0
0.617409   0
0.61689   0
0.616372   0
0.615854   0
0.615335   0
0.614817   0
0.614298   0
0.61378   0
0.613262   0
0.612743   0
0.612225   0
0.611706   0
0.611188   0
0.610669   0
0.610151   0
0.609633   0
0.609114   0
0.608596   0
0.608077   0
0.607559   0
0.607041   0
0.606522   0
0.606004   0
0.605485   0
0.604967   0
0.604448   0
0.60393   0
0.603412   0
0.602893   0
0.602375   0
0.601856   0
0.601338   0
0.60082   0
0.600301   0
0.599783   0
0.599264   0
0.598746   0
0.598227   0
0.597709   0
0.597191   0
0.596672   0
0.596154   0
0.595635   0
0.595117   0
0.594599   0
0.59408   0
0.593562   0
0.593043   0
0.592525   0
0.592006   0
0.591488   0
0.59097   0
0.590451   0
0.589933   0
0.589414   0
0.588896   0
0.588378   0
0.587859   0
0.587341   0
0.586822   0
0.586304   0
0.585785   0
0.585267   0
0.584749   0
0.58423   0
0.583712   0
0.583193   0
0.582675   0
0.582157   0
0.581638   0
0.58112   0
0.580601   0
0.580083   0
0.579564   0
0.579046   0
0.578528   0
0.578009   0
0.577491   0
0.576972   0
0.576454   0
0.575936   0
0.575417   0
0.574899   0
0.57438   0
0.573862   0
0.573343   0
0.572825   0
0.572307   0
0.571788   0
0.57127   0
0.570751   0
0.570233   0
0.569715   0
0.569196   0
0.568678   0
0.568159   0
0.567641   0
0.567122   0
0.566604   0
0.566086   0
0.565567   0
0.565049   0
0.56453   0
0.564012   0
0.563494   0
0.562975   0
0.562457   0
0.561938   0
0.56142   0
0.560901   0
0.560383   0
0.559865   0
0.559346   0
0.558828   0
0.558309   0
0.557791   0
0.557273   0
0.556754   0
0.556236   0
0.555717   0
0.555199   0
0.55468   0
0.554162   0
0.553644   0
0.553125   0
0.552607   0
0.552088   0
0.55157   0
0.551052   0
0.550533   0
0.550015   0
0.549496   0
0.548978   0
0.548459   0
0.547941   0
0.547423   0
0.546904   0
0.546386   0
0.545867   0
0.545349   0
0.544831   0
0.544312   0
0.543794   0
0.543275   0
0.542757   0
0.542238   0
0.54172   0
0.541202   0
0.540683   0
0.540165   0
0.539646   0
0.539128   0
0.53861   0
0.538091   0
0.537573   0
0.537054   0
0.536536   0
0.536018   0
0.535499   0
0.534981   0
0.534462   0
0.533944   0
0.533425   0
0.532907   0
0.532389   0
0.53187   0
0.531352   0
0.530833   0
0.530315   0
0.529797   0
0.529278   0
0.52876   0
0.528241   0
0.527723   0
0.527204   0
0.526686   0
0.526168   0
0.525649   0
0.525131   0
0.524612   0
0.524094   0
0.523576   0
0.523057   0
0.522539   0
0.52202   0
0.521502   0
0.520983   0
0.520465   0
0.519947   0
0.519428   0
0.51891   0
0.518391   0
0.517873   0
0.517355   0
0.516836   0
0.516318   0
0.515799   0
0.515281   0
0.514762   0
0.514244   0
0.513726   0
0.513207   0
0.512689   0
0.51217   0
0.511652   0
0.511134   0
0.510615   0
0.510097   0
0.509578   0
0.50906   0
0.508541   0
0.508023   0
0.507505   0
0.506986   0
0.506468   0
0.505949   0
0.505431   0
0.504913   0
0.504394   0
0.503876   0
0.503357   0
0.502839   0
0.50232   0
0.501802   0
0.501284   0
0.500765   0
0.500247   0
0.499728   0
0.49921   0
0.498692   0
0.498173   0
0.497655   0
0.497136   0
0.496618   0
0.496099   0
0.495581   0
0.495063   0
0.494544   0
0.494026   0
0.493507   0
0.492989   0
0.492471   0
0.491952   0
0.491434   0
0.490915   0
0.490397   0
0.489878   0
0.48936   0
0.488842   0
0.488323   0
0.487805   0
0.487286   0
0.486768   0
0.48625   0
0.485731   0
0.485213   0
0.484694   0
0.484176   0
0.483657   0
0.483139   0
0.482621   0
0.482102   0
