1   2.79078e+29
1.30165   2.16911e+29
1.60329   1.78102e+29
1.90494   1.51621e+29
2.20658   1.32403e+29
2.50823   1.17811e+29
2.80988   1.06344e+29
3.11152   9.70856e+28
3.41317   8.94458e+28
3.71481   8.30277e+28
4.01646   7.75546e+28
4.31811   7.28279e+28
4.61975   6.87011e+28
4.9214   6.50638e+28
5.22304   6.18314e+28
5.52469   5.8938e+28
5.82634   5.6331e+28
6.12798   5.39687e+28
6.42963   5.18167e+28
6.73127   4.98473e+28
7.03292   4.80372e+28
7.33457   4.6367e+28
7.63621   4.48204e+28
7.93786   4.33836e+28
8.2395   4.20448e+28
8.54115   4.07937e+28
8.8428   3.96216e+28
9.14444   3.85208e+28
9.44609   3.74848e+28
9.74773   3.65076e+28
10.0494   3.5584e+28
10.351   3.47096e+28
10.6527   3.38802e+28
10.9543   3.30922e+28
11.256   3.23425e+28
11.5576   3.1628e+28
11.8593   3.09463e+28
12.1609   3.02949e+28
12.4625   2.96717e+28
12.7642   2.90748e+28
13.0658   2.85024e+28
13.3675   2.79529e+28
13.6691   2.74248e+28
13.9708   2.69169e+28
14.2724   2.64278e+28
14.5741   2.59565e+28
14.8757   2.55018e+28
15.1774   2.5063e+28
15.479   2.46389e+28
15.7807   2.42289e+28
16.0823   2.38322e+28
16.3839   2.3448e+28
16.6856   2.30757e+28
16.9872   2.27147e+28
17.2889   2.23644e+28
17.5905   2.20243e+28
17.8922   2.16939e+28
18.1938   2.13727e+28
18.4955   2.10603e+28
18.7971   2.07562e+28
19.0988   2.04602e+28
19.4004   2.01717e+28
19.7021   1.98906e+28
20.0037   1.96164e+28
20.3053   1.93489e+28
20.607   1.90877e+28
20.9086   1.88327e+28
21.2103   1.85835e+28
21.5119   1.83399e+28
21.8136   1.81018e+28
22.1152   1.78688e+28
22.4169   1.76407e+28
22.7185   1.74175e+28
23.0202   1.71988e+28
23.3218   1.69846e+28
23.6234   1.67746e+28
23.9251   1.65687e+28
24.2267   1.63667e+28
24.5284   1.61686e+28
24.83   1.59741e+28
25.1317   1.57832e+28
25.4333   1.55957e+28
25.735   1.54114e+28
26.0366   1.52304e+28
26.3383   1.50524e+28
26.6399   1.48775e+28
26.9416   1.47054e+28
27.2432   1.4536e+28
27.5448   1.43694e+28
27.8465   1.42054e+28
28.1481   1.40439e+28
28.4498   1.38849e+28
28.7514   1.37283e+28
29.0531   1.3574e+28
29.3547   1.34219e+28
29.6564   1.32719e+28
29.958   1.31241e+28
30.2597   1.29784e+28
30.5613   1.28346e+28
30.863   1.26928e+28
31.1646   1.25529e+28
31.4662   1.24147e+28
31.7679   1.22784e+28
32.0695   1.21438e+28
32.3712   1.2011e+28
32.6728   1.18797e+28
32.9745   1.17501e+28
33.2761   1.16221e+28
33.5778   1.14956e+28
33.8794   1.13705e+28
34.1811   1.1247e+28
34.4827   1.11249e+28
34.7844   1.10041e+28
35.086   1.08848e+28
35.3876   1.07667e+28
35.6893   1.065e+28
35.9909   1.05346e+28
36.2926   1.04204e+28
36.5942   1.03075e+28
36.8959   1.01957e+28
37.1975   1.00851e+28
37.4992   9.97574e+27
37.8008   9.86747e+27
38.1025   9.76032e+27
38.4041   9.65428e+27
38.7057   9.54931e+27
39.0074   9.4454e+27
39.309   9.34254e+27
39.6107   9.24071e+27
39.9123   9.13989e+27
40.214   9.04006e+27
40.5156   8.94121e+27
40.8173   8.84334e+27
41.1189   8.74641e+27
41.4206   8.65043e+27
41.7222   8.55537e+27
42.0239   8.46123e+27
42.3255   8.368e+27
42.6271   8.27566e+27
42.9288   8.18419e+27
43.2304   8.0936e+27
43.5321   8.00388e+27
43.8337   7.915e+27
44.1354   7.82697e+27
44.437   7.73977e+27
44.7387   7.6534e+27
45.0403   7.56784e+27
45.342   7.48309e+27
45.6436   7.39915e+27
45.9453   7.316e+27
46.2469   7.23363e+27
46.5485   7.15205e+27
46.8502   7.07123e+27
47.1518   6.99119e+27
47.4535   6.9119e+27
47.7551   6.83337e+27
48.0568   6.75559e+27
48.3584   6.67855e+27
48.6601   6.60224e+27
48.9617   6.52667e+27
49.2634   6.45182e+27
49.565   6.3777e+27
49.8667   6.30428e+27
50.1683   6.23158e+27
50.4699   6.15959e+27
50.7716   6.08829e+27
51.0732   6.01769e+27
51.3749   5.94779e+27
51.6765   5.87857e+27
51.9782   5.81003e+27
52.2798   5.74217e+27
52.5815   5.67498e+27
52.8831   5.60847e+27
53.1848   5.54262e+27
53.4864   5.47743e+27
53.788   5.41289e+27
54.0897   5.34901e+27
54.3913   5.28578e+27
54.693   5.2232e+27
54.9946   5.16125e+27
55.2963   5.09994e+27
55.5979   5.03164e+27
55.8996   4.95824e+27
56.2012   4.88591e+27
56.5029   4.8146e+27
56.8045   4.74432e+27
57.1062   4.67505e+27
57.4078   4.60678e+27
57.7094   4.53948e+27
58.0111   4.47316e+27
58.3127   4.40779e+27
58.6144   4.34337e+27
58.916   4.27987e+27
59.2177   4.21729e+27
59.5193   4.15562e+27
59.821   4.09484e+27
60.1226   4.03495e+27
60.4243   3.97592e+27
60.7259   3.91775e+27
61.0276   3.86043e+27
61.3292   3.80394e+27
61.6308   3.74828e+27
61.9325   3.69343e+27
62.2341   3.63938e+27
62.5358   3.58612e+27
62.8374   3.53364e+27
63.1391   3.48194e+27
63.4407   3.43099e+27
63.7424   3.38079e+27
64.044   3.33133e+27
64.3457   3.2826e+27
64.6473   3.23459e+27
64.949   3.18728e+27
65.2506   3.14068e+27
65.5522   3.09477e+27
65.8539   3.04953e+27
66.1555   3.00497e+27
66.4572   2.96107e+27
66.7588   2.91782e+27
67.0605   2.87521e+27
67.3621   2.83324e+27
67.6638   2.7919e+27
67.9654   2.75117e+27
68.2671   2.71105e+27
68.5687   2.67153e+27
68.8703   2.6326e+27
69.172   2.59426e+27
69.4736   2.55648e+27
69.7753   2.51928e+27
70.0769   2.48263e+27
70.3786   2.44654e+27
70.6802   2.41099e+27
70.9819   2.37597e+27
71.2835   2.34148e+27
71.5852   2.30751e+27
71.8868   2.27405e+27
72.1885   2.2411e+27
72.4901   2.20864e+27
72.7917   2.17668e+27
73.0934   2.1452e+27
73.395   2.11419e+27
73.6967   2.08366e+27
73.9983   2.05358e+27
74.3   2.02396e+27
74.6016   1.9948e+27
74.9033   1.96607e+27
75.2049   1.93778e+27
75.5066   1.90992e+27
75.8082   1.88248e+27
76.1099   1.85545e+27
76.4115   1.82884e+27
76.7131   1.80264e+27
77.0148   1.77683e+27
77.3164   1.75141e+27
77.6181   1.72638e+27
77.9197   1.70173e+27
78.2214   1.67746e+27
78.523   1.65355e+27
78.8247   1.63001e+27
79.1263   1.60683e+27
79.428   1.584e+27
79.7296   1.56151e+27
80.0313   1.53937e+27
80.3329   1.51757e+27
80.6345   1.4961e+27
80.9362   1.47495e+27
81.2378   1.45413e+27
81.5395   1.43362e+27
81.8411   1.41343e+27
82.1428   1.39354e+27
82.4444   1.37396e+27
82.7461   1.35467e+27
83.0477   1.33567e+27
83.3494   1.31697e+27
83.651   1.29855e+27
83.9526   1.28041e+27
84.2543   1.26254e+27
84.5559   1.24495e+27
84.8576   1.22762e+27
85.1592   1.21055e+27
85.4609   1.19375e+27
85.7625   1.1772e+27
86.0642   1.1609e+27
86.3658   1.14484e+27
86.6675   1.12903e+27
86.9691   1.11346e+27
87.2708   1.09813e+27
87.5724   1.08302e+27
87.874   1.06815e+27
88.1757   1.05349e+27
88.4773   1.03906e+27
88.779   1.02485e+27
89.0806   1.01085e+27
89.3823   9.97065e+26
89.6839   9.83485e+26
89.9856   9.7011e+26
90.2872   9.56935e+26
90.5889   9.43958e+26
90.8905   9.31176e+26
91.1922   9.18586e+26
91.4938   9.06184e+26
91.7954   8.93968e+26
92.0971   8.81935e+26
92.3987   8.70082e+26
92.7004   8.58406e+26
93.002   8.46904e+26
93.3037   8.35574e+26
93.6053   8.24413e+26
93.907   8.13417e+26
94.2086   8.02586e+26
94.5103   7.91915e+26
94.8119   7.81403e+26
95.1136   7.71046e+26
95.4152   7.60844e+26
95.7168   7.50792e+26
96.0185   7.40889e+26
96.3201   7.31132e+26
96.6218   7.21519e+26
96.9234   7.12048e+26
97.2251   7.02717e+26
97.5267   6.93523e+26
97.8284   6.84464e+26
98.13   6.75538e+26
98.4317   6.66743e+26
98.7333   6.58077e+26
99.0349   6.49538e+26
99.3366   6.41124e+26
99.6382   6.32832e+26
99.9399   6.24662e+26
100.242   6.1661e+26
100.543   6.08676e+26
100.845   6.00857e+26
101.146   5.93152e+26
101.448   5.85558e+26
101.75   5.78074e+26
102.051   5.70699e+26
102.353   5.6343e+26
102.655   5.56267e+26
102.956   5.49206e+26
103.258   5.42247e+26
103.56   5.35388e+26
103.861   5.28628e+26
104.163   5.21965e+26
104.465   5.15397e+26
104.766   5.08923e+26
105.068   5.02541e+26
105.37   4.96251e+26
105.671   4.9005e+26
105.973   4.83938e+26
106.274   4.77912e+26
106.576   4.71972e+26
106.878   4.66117e+26
107.179   4.60344e+26
107.481   4.54652e+26
107.783   4.49041e+26
108.084   4.43509e+26
108.386   4.38055e+26
108.688   4.32678e+26
108.989   4.27376e+26
109.291   4.22149e+26
109.593   4.16995e+26
109.894   4.11912e+26
110.196   4.06901e+26
110.497   4.0196e+26
110.799   3.97087e+26
111.101   3.92282e+26
111.402   3.87544e+26
111.704   3.82872e+26
112.006   3.78264e+26
112.307   3.7372e+26
112.609   3.69238e+26
112.911   3.64819e+26
113.212   3.6046e+26
113.514   3.56161e+26
113.816   3.51921e+26
114.117   3.47739e+26
114.419   3.43614e+26
114.721   3.39546e+26
115.022   3.35533e+26
115.324   3.31575e+26
115.625   3.27671e+26
115.927   3.23819e+26
116.229   3.2002e+26
116.53   3.16272e+26
116.832   3.12575e+26
117.134   3.08928e+26
117.435   3.0533e+26
117.737   3.01781e+26
118.039   2.98279e+26
118.34   2.94824e+26
118.642   2.91415e+26
118.944   2.88052e+26
119.245   2.84734e+26
119.547   2.8146e+26
119.849   2.78229e+26
120.15   2.75042e+26
120.452   2.71896e+26
120.753   2.68793e+26
121.055   2.6573e+26
121.357   2.62708e+26
121.658   2.59726e+26
121.96   2.56783e+26
122.262   2.53879e+26
122.563   2.51013e+26
122.865   2.48184e+26
123.167   2.45392e+26
123.468   2.42637e+26
123.77   2.39918e+26
124.072   2.37234e+26
124.373   2.34585e+26
124.675   2.31971e+26
124.977   2.2939e+26
125.278   2.26842e+26
125.58   2.24328e+26
125.881   2.21846e+26
126.183   2.19396e+26
126.485   2.16977e+26
126.786   2.1459e+26
127.088   2.12233e+26
127.39   2.09906e+26
127.691   2.07609e+26
127.993   2.05341e+26
128.295   2.03102e+26
128.596   2.00892e+26
128.898   1.98709e+26
129.2   1.96554e+26
129.501   1.94427e+26
129.803   1.92326e+26
130.104   1.90252e+26
130.406   1.88204e+26
130.708   1.86181e+26
131.009   1.84184e+26
131.311   1.82212e+26
131.613   1.80265e+26
131.914   1.78342e+26
132.216   1.76443e+26
132.518   1.74567e+26
132.819   1.72715e+26
133.121   1.70886e+26
133.423   1.69079e+26
133.724   1.67295e+26
134.026   1.65533e+26
134.328   1.63793e+26
134.629   1.62073e+26
134.931   1.60376e+26
135.232   1.58698e+26
135.534   1.57042e+26
135.836   1.55405e+26
136.137   1.53789e+26
136.439   1.52192e+26
136.741   1.50615e+26
137.042   1.49057e+26
137.344   1.47518e+26
137.646   1.45997e+26
137.947   1.44495e+26
138.249   1.4301e+26
138.551   1.41544e+26
138.852   1.40096e+26
139.154   1.38664e+26
139.456   1.3725e+26
139.757   1.35853e+26
140.059   1.34472e+26
140.36   1.33108e+26
140.662   1.31761e+26
140.964   1.30429e+26
141.265   1.29113e+26
141.567   1.27812e+26
141.869   1.26527e+26
142.17   1.25258e+26
142.472   1.24003e+26
142.774   1.22763e+26
143.075   1.21537e+26
143.377   1.20326e+26
143.679   1.19129e+26
143.98   1.17946e+26
144.282   1.16777e+26
144.583   1.15621e+26
144.885   1.14479e+26
145.187   1.1335e+26
145.488   1.12235e+26
145.79   1.11132e+26
146.092   1.10042e+26
146.393   1.08964e+26
146.695   1.07899e+26
146.997   1.06846e+26
147.298   1.05805e+26
147.6   1.04777e+26
147.902   1.0376e+26
148.203   1.02754e+26
148.505   1.0176e+26
148.807   1.00778e+26
149.108   9.98062e+25
149.41   9.88458e+25
149.711   9.78963e+25
150.013   9.69575e+25
150.315   9.60294e+25
150.616   9.51117e+25
150.918   9.42043e+25
151.22   9.33072e+25
151.521   9.24201e+25
151.823   9.15429e+25
152.125   9.06756e+25
152.426   8.9818e+25
152.728   8.89699e+25
153.03   8.81313e+25
153.331   8.7302e+25
153.633   8.64819e+25
153.935   8.56709e+25
154.236   8.48688e+25
154.538   8.40757e+25
154.839   8.32912e+25
155.141   8.25154e+25
155.443   8.17482e+25
155.744   8.09894e+25
156.046   8.02388e+25
156.348   7.94965e+25
156.649   7.87623e+25
156.951   7.80361e+25
157.253   7.73179e+25
157.554   7.66074e+25
157.856   7.59046e+25
158.158   7.52095e+25
158.459   7.45218e+25
158.761   7.38416e+25
159.063   7.31688e+25
159.364   7.25032e+25
159.666   7.18447e+25
159.967   7.11933e+25
160.269   7.05489e+25
160.571   6.99114e+25
160.872   6.92807e+25
161.174   6.86567e+25
161.476   6.80394e+25
161.777   6.74286e+25
162.079   6.68244e+25
162.381   6.62265e+25
162.682   6.56349e+25
162.984   6.50496e+25
163.286   6.44705e+25
163.587   6.38975e+25
163.889   6.33305e+25
164.19   6.27694e+25
164.492   6.22143e+25
164.794   6.16649e+25
165.095   6.11213e+25
165.397   6.05834e+25
165.699   6.0051e+25
166   5.95243e+25
166.302   5.90029e+25
166.604   5.8487e+25
166.905   5.79764e+25
167.207   5.74711e+25
167.509   5.69711e+25
167.81   5.64761e+25
168.112   5.59863e+25
168.414   5.55015e+25
168.715   5.50217e+25
169.017   5.45467e+25
169.318   5.40767e+25
169.62   5.36114e+25
169.922   5.31509e+25
170.223   5.26951e+25
170.525   5.22439e+25
170.827   5.17972e+25
171.128   5.13552e+25
171.43   5.09175e+25
171.732   5.04843e+25
172.033   5.00555e+25
172.335   4.9631e+25
172.637   4.92107e+25
172.938   4.87947e+25
173.24   4.83829e+25
173.542   4.79751e+25
173.843   4.75715e+25
174.145   4.71718e+25
174.446   4.67762e+25
174.748   4.63845e+25
175.05   4.59967e+25
175.351   4.56127e+25
175.653   4.52325e+25
175.955   4.48561e+25
176.256   4.44834e+25
176.558   4.41144e+25
176.86   4.3749e+25
177.161   4.33872e+25
177.463   4.30289e+25
177.765   4.26742e+25
178.066   4.23229e+25
178.368   4.19751e+25
178.669   4.16307e+25
178.971   4.12896e+25
179.273   4.09518e+25
179.574   4.06173e+25
179.876   4.02861e+25
180.178   3.9958e+25
180.479   3.96332e+25
180.781   3.93114e+25
181.083   3.89928e+25
181.384   3.86772e+25
181.686   3.83647e+25
181.988   3.80552e+25
182.289   3.77486e+25
182.591   3.7445e+25
182.893   3.71443e+25
183.194   3.68464e+25
183.496   3.65514e+25
183.797   3.62592e+25
184.099   3.59697e+25
184.401   3.5683e+25
184.702   3.5399e+25
185.004   3.51177e+25
185.306   3.48391e+25
185.607   3.45631e+25
185.909   3.42897e+25
186.211   3.40188e+25
186.512   3.37505e+25
186.814   3.34847e+25
187.116   3.32214e+25
187.417   3.29606e+25
187.719   3.27022e+25
188.021   3.24462e+25
188.322   3.21926e+25
188.624   3.19413e+25
188.925   3.16924e+25
189.227   3.14458e+25
189.529   3.12015e+25
189.83   3.09594e+25
190.132   3.07195e+25
190.434   3.04819e+25
190.735   3.02465e+25
191.037   3.00132e+25
191.339   2.9782e+25
191.64   2.9553e+25
191.942   2.93261e+25
192.244   2.91012e+25
192.545   2.88784e+25
192.847   2.86576e+25
193.148   2.84388e+25
193.45   2.8222e+25
193.752   2.80072e+25
194.053   2.77943e+25
194.355   2.75834e+25
194.657   2.73743e+25
194.958   2.71672e+25
195.26   2.69619e+25
195.562   2.67584e+25
195.863   2.65568e+25
196.165   2.6357e+25
196.467   2.6159e+25
196.768   2.59627e+25
197.07   2.57682e+25
197.372   2.55755e+25
197.673   2.53844e+25
197.975   2.51951e+25
198.276   2.50074e+25
198.578   2.48214e+25
198.88   2.4637e+25
199.181   2.44543e+25
199.483   2.42732e+25
199.785   2.40936e+25
200.086   2.39157e+25
200.388   2.37393e+25
200.69   2.35645e+25
200.991   2.33912e+25
201.293   2.32194e+25
201.595   0
201.896   0
202.198   0
202.5   0
202.801   0
203.103   0
203.404   0
203.706   0
204.008   0
204.309   0
204.611   0
204.913   0
205.214   0
205.516   0
205.818   0
206.119   0
206.421   0
206.723   0
207.024   0
207.326   0
207.628   0
207.929   0
208.231   0
208.532   0
208.834   0
209.136   0
209.437   0
209.739   0
210.041   0
210.342   0
210.644   0
210.946   0
211.247   0
211.549   0
211.851   0
212.152   0
212.454   0
212.755   0
213.057   0
213.359   0
213.66   0
213.962   0
214.264   0
214.565   0
214.867   0
215.169   0
215.47   0
215.772   0
216.074   0
216.375   0
216.677   0
216.979   0
217.28   0
217.582   0
217.883   0
218.185   0
218.487   0
218.788   0
219.09   0
219.392   0
219.693   0
219.995   0
220.297   0
220.598   0
220.9   0
221.202   0
221.503   0
221.805   0
222.107   0
222.408   0
222.71   0
223.011   0
223.313   0
223.615   0
223.916   0
224.218   0
224.52   0
224.821   0
225.123   0
225.425   0
225.726   0
226.028   0
226.33   0
226.631   0
226.933   0
227.234   0
227.536   0
227.838   0
228.139   0
228.441   0
228.743   0
229.044   0
229.346   0
229.648   0
229.949   0
230.251   0
230.553   0
230.854   0
231.156   0
231.458   0
231.759   0
232.061   0
232.362   0
232.664   0
232.966   0
233.267   0
233.569   0
233.871   0
234.172   0
234.474   0
234.776   0
235.077   0
235.379   0
235.681   0
235.982   0
236.284   0
236.586   0
236.887   0
237.189   0
237.49   0
237.792   0
238.094   0
238.395   0
238.697   0
238.999   0
239.3   0
239.602   0
239.904   0
240.205   0
240.507   0
240.809   0
241.11   0
241.412   0
241.714   0
242.015   0
242.317   0
242.618   0
242.92   0
243.222   0
243.523   0
243.825   0
244.127   0
244.428   0
244.73   0
245.032   0
245.333   0
245.635   0
245.937   0
246.238   0
246.54   0
246.841   0
247.143   0
247.445   0
247.746   0
248.048   0
248.35   0
248.651   0
248.953   0
249.255   0
249.556   0
249.858   0
250.16   0
250.461   0
250.763   0
251.065   0
251.366   0
251.668   0
251.969   0
252.271   0
252.573   0
252.874   0
253.176   0
253.478   0
253.779   0
254.081   0
254.383   0
254.684   0
254.986   0
255.288   0
255.589   0
255.891   0
256.193   0
256.494   0
256.796   0
257.097   0
257.399   0
257.701   0
258.002   0
258.304   0
258.606   0
258.907   0
259.209   0
259.511   0
259.812   0
260.114   0
260.416   0
260.717   0
261.019   0
261.32   0
261.622   0
261.924   0
262.225   0
262.527   0
262.829   0
263.13   0
263.432   0
263.734   0
264.035   0
264.337   0
264.639   0
264.94   0
265.242   0
265.544   0
265.845   0
266.147   0
266.448   0
266.75   0
267.052   0
267.353   0
267.655   0
267.957   0
268.258   0
268.56   0
268.862   0
269.163   0
269.465   0
269.767   0
270.068   0
270.37   0
270.672   0
270.973   0
271.275   0
271.576   0
271.878   0
272.18   0
272.481   0
272.783   0
273.085   0
273.386   0
273.688   0
273.99   0
274.291   0
274.593   0
274.895   0
275.196   0
275.498   0
275.8   0
276.101   0
276.403   0
276.704   0
277.006   0
277.308   0
277.609   0
277.911   0
278.213   0
278.514   0
278.816   0
279.118   0
279.419   0
279.721   0
280.023   0
280.324   0
280.626   0
280.927   0
281.229   0
281.531   0
281.832   0
282.134   0
282.436   0
282.737   0
283.039   0
283.341   0
283.642   0
283.944   0
284.246   0
284.547   0
284.849   0
285.151   0
285.452   0
285.754   0
286.055   0
286.357   0
286.659   0
286.96   0
287.262   0
287.564   0
287.865   0
288.167   0
288.469   0
288.77   0
289.072   0
289.374   0
289.675   0
289.977   0
290.279   0
290.58   0
290.882   0
291.183   0
291.485   0
291.787   0
292.088   0
292.39   0
292.692   0
292.993   0
293.295   0
293.597   0
293.898   0
294.2   0
294.502   0
294.803   0
295.105   0
295.406   0
295.708   0
296.01   0
296.311   0
296.613   0
296.915   0
297.216   0
297.518   0
297.82   0
298.121   0
298.423   0
298.725   0
299.026   0
299.328   0
299.63   0
299.931   0
300.233   0
300.534   0
300.836   0
301.138   0
301.439   0
301.741   0
302.043   0
302.344   0
