1   3.61665e+30
1.84227   2.02691e+30
2.68455   1.43586e+30
3.52682   1.1262e+30
4.36909   9.34301e+29
5.21136   8.02901e+29
6.05364   7.06786e+29
6.89591   6.33108e+29
7.73818   5.74623e+29
8.58045   5.26927e+29
9.42273   4.87186e+29
10.265   4.53488e+29
11.1073   4.24499e+29
11.9495   3.99253e+29
12.7918   3.77039e+29
13.6341   3.57315e+29
14.4764   3.39665e+29
15.3186   3.23763e+29
16.1609   3.09347e+29
17.0032   2.96209e+29
17.8455   2.84176e+29
18.6877   2.73107e+29
19.53   2.62885e+29
20.3723   2.53411e+29
21.2145   2.44601e+29
22.0568   2.36384e+29
22.8991   2.28698e+29
23.7414   2.2149e+29
24.5836   2.14716e+29
25.4259   2.08334e+29
26.2682   2.0231e+29
27.1105   1.96612e+29
27.9527   1.91213e+29
28.795   1.8609e+29
29.6373   1.81219e+29
30.4795   1.76582e+29
31.3218   1.72161e+29
32.1641   1.6794e+29
33.0064   1.63906e+29
33.8486   1.60046e+29
34.6909   1.56347e+29
35.5332   1.52799e+29
36.3755   1.49393e+29
37.2177   1.4612e+29
38.06   1.42971e+29
38.9023   1.39939e+29
39.7445   1.37017e+29
40.5868   1.34199e+29
41.4291   1.3148e+29
42.2714   1.28852e+29
43.1136   1.26313e+29
43.9559   1.23856e+29
44.7982   1.21478e+29
45.6405   1.19175e+29
46.4827   1.16943e+29
47.325   1.14778e+29
48.1673   1.12677e+29
49.0095   1.10637e+29
49.8518   1.08656e+29
50.6941   1.0673e+29
51.5364   1.04857e+29
52.3786   1.03035e+29
53.2209   1.01261e+29
54.0632   9.95339e+28
54.9054   9.7851e+28
55.7477   9.62106e+28
56.59   9.46111e+28
57.4323   9.30506e+28
58.2745   9.15277e+28
59.1168   9.0041e+28
59.9591   8.85889e+28
60.8014   8.71702e+28
61.6436   8.57836e+28
62.4859   8.44279e+28
63.3282   8.3102e+28
64.1704   8.18048e+28
65.0127   8.05353e+28
65.855   7.92925e+28
66.6973   7.80755e+28
67.5395   7.68834e+28
68.3818   7.57154e+28
69.2241   7.45706e+28
70.0664   7.34484e+28
70.9086   7.2348e+28
71.7509   7.12686e+28
72.5932   7.02097e+28
73.4354   6.91706e+28
74.2777   6.81507e+28
75.12   6.71494e+28
75.9623   6.61662e+28
76.8045   6.52006e+28
77.6468   6.4252e+28
78.4891   6.33199e+28
79.3314   6.2404e+28
80.1736   6.15037e+28
81.0159   6.06186e+28
81.8582   5.97484e+28
82.7004   5.88926e+28
83.5427   5.80509e+28
84.385   5.72228e+28
85.2273   5.64082e+28
86.0695   5.56065e+28
86.9118   5.48176e+28
87.7541   5.40411e+28
88.5964   5.32767e+28
89.4386   5.25241e+28
90.2809   5.17831e+28
91.1232   5.10534e+28
91.9654   5.03347e+28
92.8077   4.96268e+28
93.65   4.89296e+28
94.4923   4.82427e+28
95.3345   4.75659e+28
96.1768   4.6899e+28
97.0191   4.62419e+28
97.8614   4.55943e+28
98.7036   4.49561e+28
99.5459   4.4327e+28
100.388   4.37069e+28
101.23   4.30957e+28
102.073   4.24931e+28
102.915   4.18991e+28
103.757   4.13134e+28
104.6   4.07359e+28
105.442   4.01664e+28
106.284   3.96049e+28
107.126   3.90512e+28
107.969   3.85052e+28
108.811   3.79667e+28
109.653   3.74357e+28
110.495   3.69119e+28
111.338   3.63953e+28
112.18   3.58858e+28
113.022   3.53833e+28
113.865   3.48877e+28
114.707   3.43988e+28
115.549   3.39165e+28
116.391   3.34409e+28
117.234   3.29717e+28
118.076   3.25089e+28
118.918   3.20523e+28
119.76   3.1602e+28
120.603   3.11578e+28
121.445   3.07196e+28
122.287   3.02873e+28
123.13   2.9861e+28
123.972   2.94404e+28
124.814   2.90255e+28
125.656   2.86163e+28
126.499   2.82126e+28
127.341   2.78145e+28
128.183   2.74217e+28
129.025   2.70343e+28
129.868   2.66522e+28
130.71   2.62753e+28
131.552   2.59035e+28
132.395   2.55368e+28
133.237   2.51752e+28
134.079   2.48185e+28
134.921   2.44667e+28
135.764   2.41197e+28
136.606   2.37775e+28
137.448   2.344e+28
138.29   2.31072e+28
139.133   2.27789e+28
139.975   2.24552e+28
140.817   2.2136e+28
141.66   2.18212e+28
142.502   2.15108e+28
143.344   2.12047e+28
144.186   2.09029e+28
145.029   2.06053e+28
145.871   2.03119e+28
146.713   2.00225e+28
147.555   1.97373e+28
148.398   1.9456e+28
149.24   1.91787e+28
150.082   1.89053e+28
150.925   1.86358e+28
151.767   1.837e+28
152.609   1.81081e+28
153.451   1.78498e+28
154.294   1.75952e+28
155.136   1.73057e+28
155.978   1.70127e+28
156.82   1.6725e+28
157.663   1.64424e+28
158.505   1.61647e+28
159.347   1.58921e+28
160.19   1.56242e+28
161.032   1.53612e+28
161.874   1.51028e+28
162.716   1.48489e+28
163.559   1.45996e+28
164.401   1.43547e+28
165.243   1.41142e+28
166.085   1.38779e+28
166.928   1.36458e+28
167.77   1.34178e+28
168.612   1.31939e+28
169.455   1.29739e+28
170.297   1.27578e+28
171.139   1.25455e+28
171.981   1.2337e+28
172.824   1.21322e+28
173.666   1.19311e+28
174.508   1.17334e+28
175.35   1.15393e+28
176.193   1.13486e+28
177.035   1.11613e+28
177.877   1.09772e+28
178.72   1.07965e+28
179.562   1.06189e+28
180.404   1.04445e+28
181.246   1.02731e+28
182.089   1.01047e+28
182.931   9.93936e+27
183.773   9.77689e+27
184.615   9.61729e+27
185.458   9.46049e+27
186.3   9.30646e+27
187.142   9.15513e+27
187.985   9.00646e+27
188.827   8.86041e+27
189.669   8.71691e+27
190.511   8.57594e+27
191.354   8.43744e+27
192.196   8.30137e+27
193.038   8.16768e+27
193.88   8.03633e+27
194.723   7.90728e+27
195.565   7.78049e+27
196.407   7.65591e+27
197.25   7.53351e+27
198.092   7.41325e+27
198.934   7.29508e+27
199.776   7.17897e+27
200.619   7.06488e+27
201.461   6.95278e+27
202.303   6.84263e+27
203.145   6.73439e+27
203.988   6.62803e+27
204.83   6.52351e+27
205.672   6.42081e+27
206.515   6.31988e+27
207.357   6.22071e+27
208.199   6.12324e+27
209.041   6.02746e+27
209.884   5.93333e+27
210.726   5.84083e+27
211.568   5.74991e+27
212.41   5.66056e+27
213.253   5.57275e+27
214.095   5.48645e+27
214.937   5.40162e+27
215.78   5.31825e+27
216.622   5.23631e+27
217.464   5.15577e+27
218.306   5.07661e+27
219.149   4.99879e+27
219.991   4.92231e+27
220.833   4.84712e+27
221.675   4.77321e+27
222.518   4.70056e+27
223.36   4.62915e+27
224.202   4.55894e+27
225.045   4.48992e+27
225.887   4.42207e+27
226.729   4.35537e+27
227.571   4.28979e+27
228.414   4.22532e+27
229.256   4.16193e+27
230.098   4.09961e+27
230.94   4.03833e+27
231.783   3.97808e+27
232.625   3.91884e+27
233.467   3.86059e+27
234.31   3.80332e+27
235.152   3.747e+27
235.994   3.69161e+27
236.836   3.63715e+27
237.679   3.5836e+27
238.521   3.53093e+27
239.363   3.47913e+27
240.205   3.4282e+27
241.048   3.3781e+27
241.89   3.32883e+27
242.732   3.28037e+27
243.575   3.23271e+27
244.417   3.18583e+27
245.259   3.13973e+27
246.101   3.09437e+27
246.944   3.04976e+27
247.786   3.00588e+27
248.628   2.96272e+27
249.47   2.92025e+27
250.313   2.87848e+27
251.155   2.83739e+27
251.997   2.79696e+27
252.84   2.75719e+27
253.682   2.71806e+27
254.524   2.67956e+27
255.366   2.64168e+27
256.209   2.60441e+27
257.051   2.56774e+27
257.893   2.53166e+27
258.735   2.49616e+27
259.578   2.46122e+27
260.42   2.42684e+27
261.262   2.39301e+27
262.105   2.35972e+27
262.947   2.32696e+27
263.789   2.29471e+27
264.631   2.26298e+27
265.474   2.23175e+27
266.316   2.20101e+27
267.158   2.17076e+27
268   2.14098e+27
268.843   2.11168e+27
269.685   2.08283e+27
270.527   2.05443e+27
271.37   2.02647e+27
272.212   1.99896e+27
273.054   1.97187e+27
273.896   1.9452e+27
274.739   1.91895e+27
275.581   1.8931e+27
276.423   1.86766e+27
277.265   1.8426e+27
278.108   1.81794e+27
278.95   1.79365e+27
279.792   1.76974e+27
280.635   1.74619e+27
281.477   1.723e+27
282.319   1.70017e+27
283.161   1.67769e+27
284.004   1.65555e+27
284.846   1.63374e+27
285.688   1.61227e+27
286.53   1.59113e+27
287.373   1.5703e+27
288.215   1.54979e+27
289.057   1.52958e+27
289.9   1.50969e+27
290.742   1.49009e+27
291.584   1.47078e+27
292.426   1.45176e+27
293.269   1.43303e+27
294.111   1.41458e+27
294.953   1.3964e+27
295.795   1.37849e+27
296.638   1.36085e+27
297.48   1.34347e+27
298.322   1.32635e+27
299.165   1.30948e+27
300.007   1.29286e+27
300.849   1.27648e+27
301.691   1.26034e+27
302.534   1.24444e+27
303.376   1.22877e+27
304.218   1.21334e+27
305.06   1.19812e+27
305.903   1.18313e+27
306.745   1.16836e+27
307.587   1.1538e+27
308.43   1.13945e+27
309.272   1.12531e+27
310.114   1.11137e+27
310.956   1.09763e+27
311.799   1.08409e+27
312.641   1.07074e+27
313.483   1.05759e+27
314.325   1.04462e+27
315.168   1.03184e+27
316.01   1.01924e+27
316.852   1.00682e+27
317.695   9.94578e+26
318.537   9.82508e+26
319.379   9.70608e+26
320.221   9.58876e+26
321.064   9.47309e+26
321.906   9.35905e+26
322.748   9.24661e+26
323.59   9.13574e+26
324.433   9.02643e+26
325.275   8.91864e+26
326.117   8.81235e+26
326.96   8.70754e+26
327.802   8.60419e+26
328.644   8.50227e+26
329.486   8.40176e+26
330.329   8.30264e+26
331.171   8.20488e+26
332.013   8.10847e+26
332.855   8.01338e+26
333.698   7.91959e+26
334.54   7.82709e+26
335.382   7.73585e+26
336.225   7.64586e+26
337.067   7.55709e+26
337.909   7.46953e+26
338.751   7.38315e+26
339.594   7.29794e+26
340.436   7.21388e+26
341.278   7.13096e+26
342.12   7.04915e+26
342.963   6.96844e+26
343.805   6.88882e+26
344.647   6.81026e+26
345.49   6.73274e+26
346.332   6.65627e+26
347.174   6.58081e+26
348.016   6.50635e+26
348.859   6.43288e+26
349.701   6.36039e+26
350.543   6.28885e+26
351.385   6.21826e+26
352.228   6.14859e+26
353.07   6.07984e+26
353.912   6.01199e+26
354.755   5.94504e+26
355.597   5.87895e+26
356.439   5.81373e+26
357.281   5.74936e+26
358.124   5.68583e+26
358.966   5.62312e+26
359.808   5.56122e+26
360.65   5.50012e+26
361.493   5.43981e+26
362.335   5.38028e+26
363.177   5.32151e+26
364.02   5.2635e+26
364.862   5.20624e+26
365.704   5.1497e+26
366.546   5.09389e+26
367.389   5.03878e+26
368.231   4.98438e+26
369.073   4.93067e+26
369.915   4.87764e+26
370.758   4.82528e+26
371.6   4.77358e+26
372.442   4.72254e+26
373.285   4.67214e+26
374.127   4.62237e+26
374.969   4.57322e+26
375.811   4.52469e+26
376.654   4.47676e+26
377.496   4.42944e+26
378.338   4.3827e+26
379.18   4.33654e+26
380.023   4.29096e+26
380.865   4.24594e+26
381.707   4.20148e+26
382.55   4.15756e+26
383.392   4.11419e+26
384.234   4.07135e+26
385.076   4.02904e+26
385.919   3.98724e+26
386.761   3.94596e+26
387.603   3.90518e+26
388.445   3.86489e+26
389.288   3.8251e+26
390.13   3.78579e+26
390.972   3.74696e+26
391.815   3.70859e+26
392.657   3.67069e+26
393.499   3.63325e+26
394.341   3.59626e+26
395.184   3.55971e+26
396.026   3.5236e+26
396.868   3.48793e+26
397.71   3.45267e+26
398.553   3.41784e+26
399.395   3.38343e+26
400.237   3.34942e+26
401.08   3.31582e+26
401.922   3.28262e+26
402.764   3.24981e+26
403.606   3.21738e+26
404.449   3.18534e+26
405.291   3.15368e+26
406.133   3.12238e+26
406.975   3.09146e+26
407.818   3.06089e+26
408.66   3.03069e+26
409.502   3.00083e+26
410.345   2.97133e+26
411.187   2.94216e+26
412.029   2.91334e+26
412.871   2.88485e+26
413.714   2.85668e+26
414.556   2.82885e+26
415.398   2.80133e+26
416.24   2.77413e+26
417.083   2.74725e+26
417.925   2.72067e+26
418.767   2.69439e+26
419.61   2.66842e+26
420.452   2.64274e+26
421.294   2.61735e+26
422.136   2.59226e+26
422.979   2.56744e+26
423.821   2.54291e+26
424.663   2.51866e+26
425.505   2.49468e+26
426.348   2.47097e+26
427.19   2.44753e+26
428.032   2.42435e+26
428.875   2.40143e+26
429.717   2.37877e+26
430.559   2.35636e+26
431.401   2.3342e+26
432.244   2.31228e+26
433.086   2.29061e+26
433.928   2.26919e+26
434.77   2.248e+26
435.613   2.22704e+26
436.455   2.20631e+26
437.297   2.18582e+26
438.14   2.16555e+26
438.982   2.1455e+26
439.824   2.12567e+26
440.666   2.10606e+26
441.509   2.08666e+26
442.351   2.06748e+26
443.193   2.0485e+26
444.035   2.02973e+26
444.878   2.01117e+26
445.72   1.9928e+26
446.562   1.97464e+26
447.405   1.95667e+26
448.247   1.93889e+26
449.089   1.92131e+26
449.931   1.90392e+26
450.774   1.88671e+26
451.616   1.86969e+26
452.458   1.85284e+26
453.3   1.83618e+26
454.143   1.8197e+26
454.985   1.80339e+26
455.827   1.78726e+26
456.67   1.7713e+26
457.512   1.7555e+26
458.354   1.73987e+26
459.196   1.72441e+26
460.039   1.70911e+26
460.881   1.69398e+26
461.723   1.679e+26
462.565   1.66418e+26
463.408   1.64951e+26
464.25   1.635e+26
465.092   1.62064e+26
465.934   1.60643e+26
466.777   1.59236e+26
467.619   1.57845e+26
468.461   1.56468e+26
469.304   1.55105e+26
470.146   1.53756e+26
470.988   1.52421e+26
471.83   1.511e+26
472.673   1.49792e+26
473.515   1.48498e+26
474.357   1.47217e+26
475.199   1.45949e+26
476.042   1.44694e+26
476.884   1.43452e+26
477.726   1.42223e+26
478.569   1.41006e+26
479.411   1.39802e+26
480.253   1.3861e+26
481.095   1.3743e+26
481.938   1.36262e+26
482.78   1.35105e+26
483.622   1.33961e+26
484.464   1.32827e+26
485.307   1.31706e+26
486.149   1.30595e+26
486.991   1.29496e+26
487.834   1.28407e+26
488.676   1.2733e+26
489.518   1.26263e+26
490.36   1.25207e+26
491.203   1.24161e+26
492.045   1.23126e+26
492.887   1.22101e+26
493.729   1.21086e+26
494.572   1.20081e+26
495.414   1.19086e+26
496.256   1.18101e+26
497.099   1.17126e+26
497.941   1.1616e+26
498.783   1.15204e+26
499.625   1.14257e+26
500.468   1.13319e+26
501.31   1.12391e+26
502.152   1.11471e+26
502.994   1.1056e+26
503.837   1.09659e+26
504.679   1.08766e+26
505.521   1.07881e+26
506.364   1.07006e+26
507.206   1.06138e+26
508.048   1.05279e+26
508.89   1.04429e+26
509.733   1.03586e+26
510.575   1.02752e+26
511.417   1.01925e+26
512.259   1.01107e+26
513.102   1.00296e+26
513.944   9.94933e+25
514.786   9.8698e+25
515.629   9.79102e+25
516.471   9.713e+25
517.313   9.63572e+25
518.155   9.55916e+25
518.998   9.48334e+25
519.84   9.40822e+25
520.682   9.33382e+25
521.524   9.26012e+25
522.367   9.18711e+25
523.209   9.11478e+25
524.051   9.04313e+25
524.894   8.97216e+25
525.736   8.90184e+25
526.578   8.83219e+25
527.42   8.76318e+25
528.263   8.69481e+25
529.105   8.62708e+25
529.947   8.55998e+25
530.789   8.4935e+25
531.632   8.42763e+25
532.474   8.36237e+25
533.316   8.29772e+25
534.159   8.23366e+25
535.001   8.17018e+25
535.843   8.1073e+25
536.685   8.04498e+25
537.528   7.98324e+25
538.37   7.92206e+25
539.212   7.86145e+25
540.054   7.80138e+25
540.897   7.74186e+25
541.739   7.68288e+25
542.581   7.62444e+25
543.424   7.56653e+25
544.266   7.50914e+25
545.108   7.45227e+25
545.95   7.39591e+25
546.793   7.34006e+25
547.635   7.28471e+25
548.477   7.22986e+25
549.319   7.17551e+25
550.162   7.12164e+25
551.004   7.06825e+25
551.846   7.01534e+25
552.689   6.9629e+25
553.531   6.91092e+25
554.373   6.85941e+25
555.215   6.80836e+25
556.058   6.75776e+25
556.9   6.70761e+25
557.742   6.6579e+25
558.584   6.60864e+25
559.427   6.5598e+25
560.269   6.5114e+25
561.111   6.46342e+25
561.954   0
562.796   0
563.638   0
564.48   0
565.323   0
566.165   0
567.007   0
567.849   0
568.692   0
569.534   0
570.376   0
571.219   0
572.061   0
572.903   0
573.745   0
574.588   0
575.43   0
576.272   0
577.114   0
577.957   0
578.799   0
579.641   0
580.484   0
581.326   0
582.168   0
583.01   0
583.853   0
584.695   0
585.537   0
586.379   0
587.222   0
588.064   0
588.906   0
589.749   0
590.591   0
591.433   0
592.275   0
593.118   0
593.96   0
594.802   0
595.644   0
596.487   0
597.329   0
598.171   0
599.014   0
599.856   0
600.698   0
601.54   0
602.383   0
603.225   0
604.067   0
604.909   0
605.752   0
606.594   0
607.436   0
608.279   0
609.121   0
609.963   0
610.805   0
611.648   0
612.49   0
613.332   0
614.174   0
615.017   0
615.859   0
616.701   0
617.544   0
618.386   0
619.228   0
620.07   0
620.913   0
621.755   0
622.597   0
623.439   0
624.282   0
625.124   0
625.966   0
626.809   0
627.651   0
628.493   0
629.335   0
630.178   0
631.02   0
631.862   0
632.704   0
633.547   0
634.389   0
635.231   0
636.074   0
636.916   0
637.758   0
638.6   0
639.443   0
640.285   0
641.127   0
641.969   0
642.812   0
643.654   0
644.496   0
645.339   0
646.181   0
647.023   0
647.865   0
648.708   0
649.55   0
650.392   0
651.234   0
652.077   0
652.919   0
653.761   0
654.604   0
655.446   0
656.288   0
657.13   0
657.973   0
658.815   0
659.657   0
660.499   0
661.342   0
662.184   0
663.026   0
663.869   0
664.711   0
665.553   0
666.395   0
667.238   0
668.08   0
668.922   0
669.764   0
670.607   0
671.449   0
672.291   0
673.134   0
673.976   0
674.818   0
675.66   0
676.503   0
677.345   0
678.187   0
679.029   0
679.872   0
680.714   0
681.556   0
682.399   0
683.241   0
684.083   0
684.925   0
685.768   0
686.61   0
687.452   0
688.294   0
689.137   0
689.979   0
690.821   0
691.664   0
692.506   0
693.348   0
694.19   0
695.033   0
695.875   0
696.717   0
697.559   0
698.402   0
699.244   0
700.086   0
700.929   0
701.771   0
702.613   0
703.455   0
704.298   0
705.14   0
705.982   0
706.824   0
707.667   0
708.509   0
709.351   0
710.194   0
711.036   0
711.878   0
712.72   0
713.563   0
714.405   0
715.247   0
716.089   0
716.932   0
717.774   0
718.616   0
719.459   0
720.301   0
721.143   0
721.985   0
722.828   0
723.67   0
724.512   0
725.354   0
726.197   0
727.039   0
727.881   0
728.724   0
729.566   0
730.408   0
731.25   0
732.093   0
732.935   0
733.777   0
734.619   0
735.462   0
736.304   0
737.146   0
737.989   0
738.831   0
739.673   0
740.515   0
741.358   0
742.2   0
743.042   0
743.884   0
744.727   0
745.569   0
746.411   0
747.254   0
748.096   0
748.938   0
749.78   0
750.623   0
751.465   0
752.307   0
753.149   0
753.992   0
754.834   0
755.676   0
756.519   0
757.361   0
758.203   0
759.045   0
759.888   0
760.73   0
761.572   0
762.414   0
763.257   0
764.099   0
764.941   0
765.784   0
766.626   0
767.468   0
768.31   0
769.153   0
769.995   0
770.837   0
771.679   0
772.522   0
773.364   0
774.206   0
775.049   0
775.891   0
776.733   0
777.575   0
778.418   0
779.26   0
780.102   0
780.944   0
781.787   0
782.629   0
783.471   0
784.314   0
785.156   0
785.998   0
786.84   0
787.683   0
788.525   0
789.367   0
790.209   0
791.052   0
791.894   0
792.736   0
793.579   0
794.421   0
795.263   0
796.105   0
796.948   0
797.79   0
798.632   0
799.474   0
800.317   0
801.159   0
802.001   0
802.844   0
803.686   0
804.528   0
805.37   0
806.213   0
807.055   0
807.897   0
808.739   0
809.582   0
810.424   0
811.266   0
812.109   0
812.951   0
813.793   0
814.635   0
815.478   0
816.32   0
817.162   0
818.004   0
818.847   0
819.689   0
820.531   0
821.374   0
822.216   0
823.058   0
823.9   0
824.743   0
825.585   0
826.427   0
827.269   0
828.112   0
828.954   0
829.796   0
830.639   0
831.481   0
832.323   0
833.165   0
834.008   0
834.85   0
835.692   0
836.534   0
837.377   0
838.219   0
839.061   0
839.904   0
840.746   0
841.588   0
842.43   0
