1   3.85339e+24
1.05956   3.39582e+24
1.12267   2.81724e+24
1.18953   2.34484e+24
1.26038   1.96433e+24
1.33545   1.65207e+24
1.41499   1.46062e+24
1.49927   1.2695e+24
1.58857   1.0772e+24
1.68318   9.17065e+23
1.78343   7.82302e+23
1.88965   6.67555e+23
2.0022   5.71718e+23
2.12145   4.90605e+23
2.24781   4.2185e+23
2.38169   3.63539e+23
2.52354   3.14082e+23
2.67384   2.71808e+23
2.8331   2.35931e+23
3.00184   2.05007e+23
3.18063   1.78287e+23
3.37006   1.55758e+23
3.57079   1.36342e+23
3.78346   1.19257e+23
4.00881   1.04458e+23
4.24757   9.17451e+22
4.50056   8.0742e+22
4.76861   7.11932e+22
5.05263   6.28627e+22
5.35357   5.55895e+22
5.67243   4.92284e+22
6.01028   4.36585e+22
6.36825   3.8771e+22
6.74754   3.44671e+22
7.14943   3.07997e+22
7.57525   2.74884e+22
8.02643   2.45723e+22
8.50449   2.20012e+22
9.01102   1.97528e+22
9.54772   1.77524e+22
10.1164   1.5968e+22
10.7189   1.43998e+22
11.3573   1.30104e+22
12.0338   1.17679e+22
12.7505   1.06637e+22
13.5099   9.68101e+21
14.3146   8.80737e+21
15.1672   8.03197e+21
16.0705   7.3398e+21
17.0277   6.72129e+21
18.0419   6.1681e+21
19.1164   5.67302e+21
20.255   5.23034e+21
21.4614   4.83145e+21
22.7397   4.66655e+21
24.094   4.34217e+21
25.5291   4.02315e+21
27.0496   3.69081e+21
28.6607   3.32978e+21
30.3677   3.11004e+21
32.1764   2.94454e+21
34.0929   2.81857e+21
36.1234   2.55937e+21
38.2749   2.40689e+21
40.5546   2.26755e+21
42.97   2.13939e+21
45.5294   2.02131e+21
48.2411   1.94699e+21
51.1143   1.84001e+21
54.1587   1.71537e+21
57.3844   1.62779e+21
60.8022   1.56983e+21
64.4236   1.51097e+21
68.2607   1.43521e+21
72.3263   1.3639e+21
76.6341   1.29663e+21
81.1984   1.23304e+21
86.0346   1.17278e+21
91.1589   1.11555e+21
96.5883   1.06108e+21
102.341   1.00915e+21
108.437   9.59541e+20
114.895   9.12085e+20
121.738   8.66629e+20
128.989   8.2304e+20
136.672   7.81202e+20
144.812   7.41018e+20
153.437   7.02396e+20
162.576   6.65257e+20
172.259   6.29526e+20
182.518   5.95131e+20
193.389   5.62001e+20
204.907   5.30064e+20
217.112   4.99247e+20
230.043   4.69503e+20
243.744   4.42084e+20
258.262   4.17825e+20
273.644   3.90561e+20
289.942   3.64049e+20
307.211   3.38229e+20
325.509   3.1304e+20
344.896   2.88446e+20
365.438   2.64422e+20
387.204   2.40972e+20
410.266   2.18132e+20
434.701   1.95987e+20
460.592   1.74755e+20
488.025   1.57099e+20
517.092   1.36913e+20
547.89   1.17833e+20
580.523   1.00022e+20
615.099   8.36356e+19
651.734   6.88135e+19
690.551   5.5652e+19
731.681   4.41981e+19
775.26   3.44465e+19
821.434   2.6329e+19
870.359   1.97273e+19
922.198   1.44799e+19
977.124   1.03968e+19
1035.32   7.11153e+18
1096.99   4.95402e+18
1162.32   3.39652e+18
1231.55   2.29726e+18
1304.9   1.53918e+18
1382.62   1.02937e+18
1464.97   6.96518e+17
1552.23   4.87231e+17
1644.68   3.62058e+17
1742.63   2.91903e+17
1846.42   2.55252e+17
1956.4   2.36379e+17
2072.92   2.24445e+17
2196.39   2.13141e+17
2327.2   2.00039e+17
2465.81   1.85474e+17
2612.68   1.70569e+17
2768.29   1.56466e+17
2933.17   1.43507e+17
3107.87   1.32056e+17
3292.97   1.21946e+17
3489.1   1.12954e+17
3696.91   1.0491e+17
3917.1   9.76626e+16
4150.4   9.10765e+16
4397.6   8.50522e+16
4659.53   7.95071e+16
4937.05   7.43799e+16
5231.1   6.9614e+16
5542.66   6.51763e+16
5872.79   6.10231e+16
6222.57   5.71263e+16
6593.19   5.34771e+16
6985.88   5.00386e+16
7401.96   4.68077e+16
7842.82   4.37662e+16
8309.94   4.09017e+16
8804.88   3.82052e+16
9329.3   3.56689e+16
9884.96   3.32846e+16
10473.7   3.10434e+16
11097.5   2.89383e+16
11758.5   2.69662e+16
12458.8   2.51174e+16
13200.9   2.3386e+16
13987.1   2.17678e+16
14820.2   2.02529e+16
15702.9   1.88414e+16
16638.2   1.75258e+16
17629.1   1.62971e+16
18679.1   1.51553e+16
19791.7   1.40921e+16
20970.5   1.31042e+16
22219.5   1.21881e+16
23542.9   1.13374e+16
24945.1   1.05499e+16
26430.8   9.82101e+15
28005   9.14726e+15
29673   8.52649e+15
31440.4   7.95431e+15
33312.9   7.4302e+15
35297.1   6.94898e+15
37399.4   6.51137e+15
39626.9   6.11405e+15
41987.1   5.75703e+15
44487.8   5.43852e+15
47137.5   5.15984e+15
49945.1   4.92005e+15
52919.8   4.71996e+15
56071.7   4.5606e+15
59411.3   4.44317e+15
62949.9   4.36589e+15
66699.2   4.32528e+15
70671.8   4.31058e+15
74881   4.3006e+15
79341   4.2395e+15
84066.5   3.98807e+15
89073.5   3.83902e+13
94378.8   8.77669e+14
100000   0
