1   6.58335e+57
1.05956   6.21383e+57
1.12267   5.87053e+57
1.18953   5.55163e+57
1.26038   5.25541e+57
1.33545   4.98027e+57
1.41499   4.72472e+57
1.49927   4.48735e+57
1.58857   4.26685e+57
1.68318   4.06201e+57
1.78343   3.87171e+57
1.88965   3.69488e+57
2.0022   3.53055e+57
2.12145   3.37781e+57
2.24781   3.23582e+57
2.38169   3.10381e+57
2.52354   2.98104e+57
2.67384   2.86685e+57
2.8331   2.76061e+57
3.00184   2.66175e+57
3.18063   2.56972e+57
3.37006   2.48404e+57
3.57079   2.40423e+57
3.78346   2.32986e+57
4.00881   2.26055e+57
4.24757   2.1959e+57
4.50056   2.13558e+57
4.76861   2.07926e+57
5.05263   2.02663e+57
5.35357   1.97742e+57
5.67243   1.93136e+57
6.01028   1.88821e+57
6.36825   1.84772e+57
6.74754   1.80969e+57
7.14943   1.77391e+57
7.57525   1.74019e+57
8.02643   1.70836e+57
8.50449   1.67823e+57
9.01102   1.64965e+57
9.54772   1.62246e+57
10.1164   1.59651e+57
10.7189   1.57165e+57
11.3573   1.54774e+57
12.0338   1.52461e+57
12.7505   1.5021e+57
13.5099   1.48004e+57
14.3146   1.45823e+57
15.1672   1.43644e+57
16.0705   1.4144e+57
17.0277   1.39182e+57
18.0419   1.36831e+57
19.1164   1.34346e+57
20.255   1.31675e+57
21.4614   1.28761e+57
22.7397   1.25538e+57
24.094   1.21936e+57
25.5291   1.17883e+57
27.0496   1.1331e+57
28.6607   1.08159e+57
30.3677   1.02394e+57
32.1764   9.60072e+56
34.0929   8.90348e+56
36.1234   8.15586e+56
38.2749   7.37089e+56
40.5546   6.56581e+56
42.97   5.76065e+56
45.5294   4.97625e+56
48.2411   4.23212e+56
51.1143   3.54449e+56
54.1587   2.92499e+56
57.3844   2.3801e+56
60.8022   1.91142e+56
64.4236   1.51644e+56
68.2607   1.18965e+56
72.3263   9.23695e+55
76.6341   7.10372e+55
81.1984   5.41446e+55
86.0346   4.09175e+55
91.1589   3.06624e+55
96.5883   2.27809e+55
102.341   1.67705e+55
108.437   1.22192e+55
114.895   8.79501e+54
121.738   6.23435e+54
128.989   1.35635e+54
136.672   4.76488e+53
144.812   1.62483e+53
153.437   5.67171e+52
162.576   2.06751e+52
172.259   7.91594e+51
182.518   3.18448e+51
193.389   1.34398e+51
204.907   5.93764e+50
217.112   2.73957e+50
230.043   1.31698e+50
243.744   6.58143e+49
258.262   3.41165e+49
273.644   1.83071e+49
289.942   1.01495e+49
307.211   5.8028e+48
325.509   3.41548e+48
344.896   2.0662e+48
365.438   1.28271e+48
387.204   8.16004e+47
410.266   5.31205e+47
434.701   3.53407e+47
460.592   2.39994e+47
488.025   1.66163e+47
517.092   1.17166e+47
547.89   8.40538e+46
580.523   6.12883e+46
615.099   4.53798e+46
651.734   3.40908e+46
690.551   2.59624e+46
731.681   2.00287e+46
775.26   1.56402e+46
821.434   1.23543e+46
870.359   9.86501e+45
922.198   7.95825e+45
977.124   6.4823e+45
1035.32   5.32842e+45
1096.99   4.41777e+45
1162.32   3.69265e+45
1231.55   3.11034e+45
1304.9   2.63893e+45
1382.62   2.25439e+45
1464.97   1.93843e+45
1552.23   1.67703e+45
1644.68   1.45935e+45
1742.63   1.27696e+45
1846.42   1.12325e+45
1956.4   9.92966e+44
2072.92   8.81965e+44
2196.39   7.86914e+44
2327.2   7.05132e+44
2465.81   6.34444e+44
2612.68   5.73081e+44
2768.29   5.19608e+44
2933.17   4.72803e+44
3107.87   4.31694e+44
3292.97   3.95461e+44
3489.1   3.6342e+44
3696.91   3.35e+44
3917.1   3.09718e+44
4150.4   2.87172e+44
4397.6   2.6702e+44
4659.53   2.48977e+44
4937.05   2.32804e+44
5231.1   2.18302e+44
5542.66   2.05306e+44
5872.79   1.93685e+44
6222.57   1.83337e+44
6593.19   1.7419e+44
6985.88   1.662e+44
7401.96   1.59356e+44
7842.82   1.53681e+44
8309.94   1.49236e+44
8804.88   1.46128e+44
9329.3   1.44518e+44
9884.96   1.44635e+44
10473.7   1.46786e+44
11097.5   1.51374e+44
11758.5   1.58917e+44
12458.8   1.70063e+44
13200.9   1.85597e+44
13987.1   2.06434e+44
14820.2   2.33575e+44
15702.9   2.67989e+44
16638.2   3.10382e+44
17629.1   3.60785e+44
18679.1   4.17886e+44
19791.7   4.78116e+44
20970.5   5.34688e+44
22219.5   5.76784e+44
23542.9   5.90811e+44
24945.1   5.63834e+44
26430.8   4.90276e+44
28005   3.78762e+44
29673   2.52972e+44
31440.4   1.42019e+44
33312.9   6.52018e+43
35297.1   2.38648e+43
37399.4   6.80893e+42
39626.9   1.48584e+42
41987.1   2.44182e+41
44487.8   2.9853e+40
47137.5   2.68959e+39
49945.1   1.77293e+38
52919.8   8.50488e+36
56071.7   2.95723e+35
59411.3   7.43122e+33
62949.9   1.34665e+32
66699.2   1.757e+30
70671.8   1.64856e+28
74881   1.1114e+26
79341   5.38e+23
84066.5   1.86909e+21
89073.5   4.6585e+18
94378.8   8.3272e+15
100000   1.06834e+13
