1   3.4804e+21
1.05956   3.15413e+21
1.12267   2.8647e+21
1.18953   2.60707e+21
1.26038   2.38305e+21
1.33545   2.17762e+21
1.41499   1.99486e+21
1.49927   1.8301e+21
1.58857   1.68262e+21
1.68318   1.54901e+21
1.78343   1.42707e+21
1.88965   1.31677e+21
2.0022   1.21711e+21
2.12145   1.12521e+21
2.24781   1.04148e+21
2.38169   9.64786e+20
2.52354   8.94518e+20
2.67384   8.29861e+20
2.8331   7.7133e+20
3.00184   7.16765e+20
3.18063   6.66546e+20
3.37006   6.20265e+20
3.57079   5.77537e+20
3.78346   5.38081e+20
4.00881   5.01603e+20
4.24757   4.68443e+20
4.50056   4.37191e+20
4.76861   4.08339e+20
5.05263   3.81611e+20
5.35357   3.56841e+20
5.67243   3.33865e+20
6.01028   3.12553e+20
6.36825   2.92769e+20
6.74754   2.74403e+20
7.14943   2.57343e+20
7.57525   2.41494e+20
8.02643   2.26765e+20
8.50449   2.13072e+20
9.01102   2.00624e+20
9.54772   1.88835e+20
10.1164   1.77864e+20
10.7189   1.67651e+20
11.3573   1.5814e+20
12.0338   1.49281e+20
12.7505   1.41026e+20
13.5099   1.33331e+20
14.3146   1.26156e+20
15.1672   1.19464e+20
16.0705   1.13218e+20
17.0277   1.07386e+20
18.0419   1.01938e+20
19.1164   9.68449e+19
20.255   9.20813e+19
21.4614   8.76225e+19
22.7397   8.34459e+19
24.094   7.95303e+19
25.5291   7.58563e+19
27.0496   7.24056e+19
28.6607   6.91614e+19
30.3677   6.61079e+19
32.1764   6.32308e+19
34.0929   6.05164e+19
36.1234   5.79523e+19
38.2749   5.5527e+19
40.5546   5.32297e+19
42.97   5.10506e+19
45.5294   4.89805e+19
48.2411   4.7011e+19
51.1143   4.51344e+19
54.1587   4.33435e+19
57.3844   4.16318e+19
60.8022   3.99933e+19
64.4236   3.84224e+19
68.2607   3.69142e+19
72.3263   3.54641e+19
76.6341   3.4068e+19
81.1984   3.27221e+19
86.0346   3.14229e+19
91.1589   3.01675e+19
96.5883   2.89531e+19
102.341   2.77772e+19
108.437   2.66378e+19
114.895   2.55328e+19
121.738   2.44607e+19
128.989   2.342e+19
136.672   2.24096e+19
144.812   2.14285e+19
153.437   2.0476e+19
162.576   1.95516e+19
172.259   1.86547e+19
182.518   1.77852e+19
193.389   1.69428e+19
204.907   1.61274e+19
217.112   1.53389e+19
230.043   1.4577e+19
243.744   1.38416e+19
258.262   1.31322e+19
273.644   1.24484e+19
289.942   1.17896e+19
307.211   1.11549e+19
325.509   1.05435e+19
344.896   9.95444e+18
365.438   9.38663e+18
387.204   8.83897e+18
410.266   8.31033e+18
434.701   7.79961e+18
460.592   7.30575e+18
488.025   6.82778e+18
517.092   6.36483e+18
547.89   5.91619e+18
580.523   5.48131e+18
615.099   5.05983e+18
651.734   4.65162e+18
690.551   4.25676e+18
731.681   3.87561e+18
775.26   3.50874e+18
821.434   3.15698e+18
870.359   2.82133e+18
922.198   2.50299e+18
977.124   2.20324e+18
1035.32   1.92338e+18
1096.99   1.6647e+18
1162.32   1.42838e+18
1231.55   1.2155e+18
1304.9   1.02696e+18
1382.62   8.64444e+17
1464.97   7.29248e+17
1552.23   6.23034e+17
1644.68   5.47682e+17
1742.63   5.05006e+17
1846.42   4.96109e+17
1956.4   5.20415e+17
2072.92   5.74488e+17
2196.39   6.51064e+17
2327.2   7.38758e+17
2465.81   8.23357e+17
2612.68   8.90427e+17
2768.29   9.29444e+17
2933.17   9.3719e+17
3107.87   9.18624e+17
3292.97   8.83716e+17
3489.1   8.42189e+17
3696.91   7.99803e+17
3917.1   7.57862e+17
4150.4   7.17498e+17
4397.6   6.78503e+17
4659.53   6.41235e+17
4937.05   6.05608e+17
5231.1   5.71212e+17
5542.66   5.3797e+17
5872.79   5.05861e+17
6222.57   4.74905e+17
6593.19   4.45092e+17
6985.88   4.16385e+17
7401.96   3.89045e+17
7842.82   3.62826e+17
8309.94   3.37831e+17
8804.88   3.1408e+17
9329.3   2.91549e+17
9884.96   2.70221e+17
10473.7   2.50108e+17
11097.5   2.31174e+17
11758.5   2.1342e+17
12458.8   1.96815e+17
13200.9   1.81283e+17
13987.1   1.66817e+17
14820.2   1.53355e+17
15702.9   1.40891e+17
16638.2   1.29309e+17
17629.1   1.18614e+17
18679.1   1.08763e+17
19791.7   9.9682e+16
20970.5   9.13422e+16
22219.5   8.36627e+16
23542.9   7.66384e+16
24945.1   7.02096e+16
26430.8   6.43336e+16
28005   5.89746e+16
29673   5.40934e+16
31440.4   4.96551e+16
33312.9   4.56304e+16
35297.1   4.19859e+16
37399.4   3.86958e+16
39626.9   3.57375e+16
41987.1   3.30841e+16
44487.8   3.07192e+16
47137.5   2.86248e+16
49945.1   2.67862e+16
52919.8   2.51859e+16
56071.7   2.38081e+16
59411.3   2.26305e+16
62949.9   2.16322e+16
66699.2   2.07577e+16
70671.8   1.99267e+16
74881   1.89853e+16
79341   1.76207e+16
84066.5   1.51804e+16
89073.5   1.0312e+16
94378.8   2.21911e+15
100000   0
