1   3.71581e+43
1.05956   3.39425e+43
1.12267   3.1084e+43
1.18953   2.8544e+43
1.26038   2.62903e+43
1.33545   2.42581e+43
1.41499   2.24336e+43
1.49927   2.07885e+43
1.58857   1.93111e+43
1.68318   1.79603e+43
1.78343   1.67322e+43
1.88965   1.56119e+43
2.0022   1.45988e+43
2.12145   1.36575e+43
2.24781   1.27949e+43
2.38169   1.20009e+43
2.52354   1.12683e+43
2.67384   1.05909e+43
2.8331   9.97181e+42
3.00184   9.38991e+42
3.18063   8.84943e+42
3.37006   8.34626e+42
3.57079   7.87702e+42
3.78346   7.43874e+42
4.00881   7.0288e+42
4.24757   6.65207e+42
4.50056   6.29169e+42
4.76861   5.95455e+42
5.05263   5.63786e+42
5.35357   5.34009e+42
5.67243   5.05987e+42
6.01028   4.79601e+42
6.36825   4.54741e+42
6.74754   4.31305e+42
7.14943   4.09199e+42
7.57525   3.88332e+42
8.02643   3.68619e+42
8.50449   3.49986e+42
9.01102   3.32811e+42
9.54772   3.16184e+42
10.1164   3.00395e+42
10.7189   2.85367e+42
11.3573   2.71031e+42
12.0338   2.57322e+42
12.7505   2.44174e+42
13.5099   2.31528e+42
14.3146   2.19324e+42
15.1672   2.07507e+42
16.0705   1.96025e+42
17.0277   1.84828e+42
18.0419   1.73873e+42
19.1164   1.63117e+42
20.255   1.52527e+42
21.4614   1.42074e+42
22.7397   1.31737e+42
24.094   1.21508e+42
25.5291   1.11391e+42
27.0496   1.01403e+42
28.6607   9.15842e+41
30.3677   8.19898e+41
32.1764   7.26972e+41
34.0929   6.38025e+41
36.1234   5.54184e+41
38.2749   4.76614e+41
40.5546   4.072e+41
42.97   3.47445e+41
45.5294   2.99003e+41
48.2411   2.63449e+41
51.1143   2.42046e+41
54.1587   2.3538e+41
57.3844   2.42899e+41
60.8022   2.6247e+41
64.4236   2.90184e+41
68.2607   3.20673e+41
72.3263   3.48108e+41
76.6341   3.67729e+41
81.1984   3.77333e+41
86.0346   3.77817e+41
91.1589   3.72235e+41
96.5883   3.63902e+41
102.341   3.54923e+41
108.437   3.45931e+41
114.895   3.3725e+41
121.738   3.29114e+41
128.989   3.21406e+41
136.672   3.14315e+41
144.812   3.07499e+41
153.437   3.00841e+41
162.576   2.94269e+41
172.259   2.87732e+41
182.518   2.81191e+41
193.389   2.74636e+41
204.907   2.68017e+41
217.112   2.61352e+41
230.043   2.5461e+41
243.744   2.47803e+41
258.262   2.40903e+41
273.644   2.33938e+41
289.942   2.27038e+41
307.211   2.20022e+41
325.509   2.12981e+41
344.896   2.05981e+41
365.438   1.98976e+41
387.204   1.92024e+41
410.266   1.85113e+41
434.701   1.78309e+41
460.592   1.71582e+41
488.025   1.64941e+41
517.092   1.58466e+41
547.89   1.52114e+41
580.523   1.45879e+41
615.099   1.39843e+41
651.734   1.33962e+41
690.551   1.28245e+41
731.681   1.227e+41
775.26   1.17335e+41
821.434   1.12149e+41
870.359   1.07138e+41
922.198   1.02335e+41
977.124   9.77028e+40
1035.32   9.32345e+40
1096.99   8.89747e+40
1162.32   8.48703e+40
1231.55   8.09416e+40
1304.9   7.71809e+40
1382.62   7.35723e+40
1464.97   7.01488e+40
1552.23   6.68679e+40
1644.68   6.3737e+40
1742.63   6.07489e+40
1846.42   5.79031e+40
1956.4   5.51926e+40
2072.92   5.26164e+40
2196.39   5.01641e+40
2327.2   4.78286e+40
2465.81   4.5598e+40
2612.68   4.35018e+40
2768.29   4.15028e+40
2933.17   3.96034e+40
3107.87   3.78002e+40
3292.97   3.60912e+40
3489.1   3.44697e+40
3696.91   3.29328e+40
3917.1   3.1482e+40
4150.4   3.01021e+40
4397.6   2.88045e+40
4659.53   2.75759e+40
4937.05   2.64145e+40
5231.1   2.53211e+40
5542.66   2.42925e+40
5872.79   2.33272e+40
6222.57   2.24235e+40
6593.19   2.15809e+40
6985.88   2.07988e+40
7401.96   2.00768e+40
7842.82   1.94152e+40
8309.94   1.8815e+40
8804.88   1.82771e+40
9329.3   1.78034e+40
9884.96   1.73947e+40
10473.7   1.70567e+40
11097.5   1.67882e+40
11758.5   1.65921e+40
12458.8   1.64691e+40
13200.9   1.64183e+40
13987.1   1.64342e+40
14820.2   1.651e+40
15702.9   1.66249e+40
16638.2   1.67504e+40
17629.1   1.68416e+40
18679.1   1.68334e+40
19791.7   1.66387e+40
20970.5   1.6151e+40
22219.5   1.52562e+40
23542.9   1.38616e+40
24945.1   1.19386e+40
26430.8   9.57586e+39
28005   7.00263e+39
29673   4.55746e+39
31440.4   2.57111e+39
33312.9   1.22299e+39
35297.1   4.77298e+38
37399.4   1.48964e+38
39626.9   3.63368e+37
41987.1   6.79348e+36
44487.8   9.57957e+35
47137.5   1.00591e+35
49945.1   7.78813e+33
52919.8   4.41279e+32
56071.7   1.81948e+31
59411.3   5.43659e+29
62949.9   1.1736e+28
66699.2   1.82623e+26
70671.8   2.04509e+24
74881   1.64619e+22
79341   9.51622e+19
84066.5   3.94808e+17
89073.5   1.17497e+15
94378.8   2.50943e+12
100000   0
