1   2.5031e+26
1.00346   2.4937e+26
1.00694   2.48435e+26
1.01042   2.47504e+26
1.01392   2.46577e+26
1.01743   2.45653e+26
1.02095   2.44734e+26
1.02448   2.43818e+26
1.02803   2.42907e+26
1.03159   2.41999e+26
1.03516   2.41096e+26
1.03874   2.40195e+26
1.04234   2.393e+26
1.04595   2.38407e+26
1.04957   2.37519e+26
1.0532   2.36634e+26
1.05685   2.35754e+26
1.06051   2.34876e+26
1.06418   2.34004e+26
1.06786   2.33133e+26
1.07156   2.32268e+26
1.07527   2.31405e+26
1.07899   2.30547e+26
1.08272   2.29692e+26
1.08647   2.28841e+26
1.09023   2.27993e+26
1.09401   2.2715e+26
1.09779   2.26309e+26
1.10159   2.25473e+26
1.10541   2.24639e+26
1.10923   2.2381e+26
1.11307   2.22983e+26
1.11693   2.22161e+26
1.12079   2.21341e+26
1.12467   2.20525e+26
1.12856   2.19713e+26
1.13247   2.18904e+26
1.13639   2.18099e+26
1.14032   2.17297e+26
1.14427   2.16499e+26
1.14823   2.15704e+26
1.15221   2.14912e+26
1.1562   2.14124e+26
1.1602   2.13339e+26
1.16421   2.12557e+26
1.16824   2.11779e+26
1.17229   2.11003e+26
1.17635   2.10232e+26
1.18042   2.09463e+26
1.1845   2.08699e+26
1.1886   2.07936e+26
1.19272   2.07178e+26
1.19685   2.06422e+26
1.20099   2.0567e+26
1.20515   2.0492e+26
1.20932   2.04175e+26
1.21351   2.03431e+26
1.21771   2.02692e+26
1.22192   2.01955e+26
1.22615   2.01222e+26
1.2304   2.00491e+26
1.23466   1.99764e+26
1.23893   1.9904e+26
1.24322   1.98319e+26
1.24752   1.976e+26
1.25184   1.96885e+26
1.25617   1.96173e+26
1.26052   1.95464e+26
1.26488   1.94758e+26
1.26926   1.94054e+26
1.27366   1.93355e+26
1.27807   1.92657e+26
1.28249   1.91963e+26
1.28693   1.91271e+26
1.29138   1.90583e+26
1.29585   1.89897e+26
1.30034   1.89215e+26
1.30484   1.88535e+26
1.30936   1.87858e+26
1.31389   1.87184e+26
1.31844   1.86513e+26
1.323   1.85844e+26
1.32758   1.85179e+26
1.33218   1.84516e+26
1.33679   1.83856e+26
1.34142   1.83198e+26
1.34606   1.82544e+26
1.35072   1.81892e+26
1.3554   1.81243e+26
1.36009   1.80596e+26
1.3648   1.79953e+26
1.36952   1.79312e+26
1.37426   1.78674e+26
1.37902   1.78038e+26
1.38379   1.77404e+26
1.38858   1.76774e+26
1.39339   1.76146e+26
1.39821   1.75522e+26
1.40305   1.74899e+26
1.40791   1.74279e+26
1.41278   1.73661e+26
1.41767   1.73047e+26
1.42258   1.72435e+26
1.4275   1.71826e+26
1.43245   1.71218e+26
1.4374   1.70614e+26
1.44238   1.70011e+26
1.44737   1.69412e+26
1.45238   1.68815e+26
1.45741   1.68221e+26
1.46246   1.67628e+26
1.46752   1.67039e+26
1.4726   1.66452e+26
1.47769   1.65867e+26
1.48281   1.65285e+26
1.48794   1.64705e+26
1.49309   1.64127e+26
1.49826   1.63553e+26
1.50345   1.6298e+26
1.50865   1.6241e+26
1.51388   1.61841e+26
1.51912   1.61276e+26
1.52437   1.60713e+26
1.52965   1.60151e+26
1.53495   1.59593e+26
1.54026   1.59036e+26
1.54559   1.58483e+26
1.55094   1.57931e+26
1.55631   1.57382e+26
1.5617   1.56834e+26
1.5671   1.5629e+26
1.57253   1.55747e+26
1.57797   1.55207e+26
1.58343   1.54668e+26
1.58891   1.54133e+26
1.59441   1.53599e+26
1.59993   1.53068e+26
1.60547   1.52538e+26
1.61103   1.52011e+26
1.61661   1.51486e+26
1.6222   1.50964e+26
1.62782   1.50442e+26
1.63345   1.49924e+26
1.63911   1.49408e+26
1.64478   1.48894e+26
1.65047   1.48381e+26
1.65619   1.47872e+26
1.66192   1.47363e+26
1.66767   1.46858e+26
1.67345   1.46354e+26
1.67924   1.45852e+26
1.68505   1.45353e+26
1.69088   1.44855e+26
1.69674   1.4436e+26
1.70261   1.43866e+26
1.70851   1.43375e+26
1.71442   1.42885e+26
1.72035   1.42398e+26
1.72631   1.41912e+26
1.73228   1.41429e+26
1.73828   1.40947e+26
1.7443   1.40468e+26
1.75034   1.3999e+26
1.7564   1.39515e+26
1.76248   1.39041e+26
1.76858   1.3857e+26
1.7747   1.381e+26
1.78084   1.37632e+26
1.78701   1.37166e+26
1.79319   1.36702e+26
1.7994   1.3624e+26
1.80563   1.3578e+26
1.81188   1.35321e+26
1.81815   1.34865e+26
1.82444   1.3441e+26
1.83076   1.33957e+26
1.8371   1.33507e+26
1.84346   1.33057e+26
1.84984   1.3261e+26
1.85624   1.32165e+26
1.86267   1.31721e+26
1.86911   1.31279e+26
1.87558   1.3084e+26
1.88208   1.30401e+26
1.88859   1.29965e+26
1.89513   1.2953e+26
1.90169   1.29098e+26
1.90827   1.28666e+26
1.91488   1.28238e+26
1.92151   1.2781e+26
1.92816   1.27384e+26
1.93483   1.2696e+26
1.94153   1.26538e+26
1.94825   1.26117e+26
1.95499   1.25698e+26
1.96176   1.25281e+26
1.96855   1.24866e+26
1.97537   1.24452e+26
1.98221   1.2404e+26
1.98907   1.23629e+26
1.99595   1.2322e+26
2.00286   1.22813e+26
2.00979   1.22407e+26
2.01675   1.22004e+26
2.02373   1.21601e+26
2.03074   1.21201e+26
2.03777   1.20802e+26
2.04482   1.20405e+26
2.0519   1.20009e+26
2.059   1.19616e+26
2.06613   1.19223e+26
2.07328   1.18832e+26
2.08046   1.18443e+26
2.08766   1.18055e+26
2.09489   1.17669e+26
2.10214   1.17285e+26
2.10942   1.16902e+26
2.11672   1.16521e+26
2.12404   1.1614e+26
2.1314   1.15762e+26
2.13877   1.15385e+26
2.14618   1.1501e+26
2.15361   1.14636e+26
2.16106   1.14264e+26
2.16854   1.13894e+26
2.17605   1.13524e+26
2.18358   1.13157e+26
2.19114   1.1279e+26
2.19873   1.12426e+26
2.20634   1.12063e+26
2.21397   1.11701e+26
2.22164   1.11341e+26
2.22933   1.10982e+26
2.23705   1.10625e+26
2.24479   1.10269e+26
2.25256   1.09914e+26
2.26036   1.09562e+26
2.26818   1.0921e+26
2.27603   1.0886e+26
2.28391   1.08511e+26
2.29182   1.08164e+26
2.29975   1.07818e+26
2.30771   1.07474e+26
2.3157   1.07131e+26
2.32372   1.0679e+26
2.33176   1.06449e+26
2.33983   1.0611e+26
2.34793   1.05773e+26
2.35606   1.05436e+26
2.36421   1.05102e+26
2.3724   1.04768e+26
2.38061   1.04437e+26
2.38885   1.04106e+26
2.39712   1.03777e+26
2.40542   1.03449e+26
2.41374   1.03122e+26
2.4221   1.02797e+26
2.43048   1.02473e+26
2.4389   1.0215e+26
2.44734   1.01829e+26
2.45581   1.01509e+26
2.46431   1.01191e+26
2.47284   1.00873e+26
2.4814   1.00557e+26
2.48999   1.00242e+26
2.49861   9.99291e+25
2.50726   9.96166e+25
2.51594   9.9306e+25
2.52465   9.89961e+25
2.53339   9.86874e+25
2.54216   9.83807e+25
2.55096   9.80745e+25
2.55979   9.77703e+25
2.56865   9.74667e+25
2.57754   9.71649e+25
2.58646   9.68638e+25
2.59542   9.65645e+25
2.6044   9.62658e+25
2.61342   9.5969e+25
2.62246   9.56728e+25
2.63154   9.53784e+25
2.64065   9.50846e+25
2.64979   9.47926e+25
2.65896   9.45013e+25
2.66817   9.42117e+25
2.6774   9.39228e+25
2.68667   9.36356e+25
2.69597   9.3349e+25
2.7053   9.30642e+25
2.71467   9.278e+25
2.72407   9.2497e+25
2.7335   9.22157e+25
2.74296   9.1935e+25
2.75245   9.1656e+25
2.76198   9.13776e+25
2.77154   9.1101e+25
2.78114   9.08249e+25
2.79076   9.05506e+25
2.80042   9.02768e+25
2.81012   9.00047e+25
2.81984   8.97332e+25
2.82961   8.94634e+25
2.8394   8.91941e+25
2.84923   8.89265e+25
2.85909   8.86595e+25
2.86899   8.83942e+25
2.87892   8.81294e+25
2.88889   8.78663e+25
2.89889   8.76037e+25
2.90892   8.73422e+25
2.91899   8.70824e+25
2.92909   8.68231e+25
2.93923   8.65654e+25
2.94941   8.63083e+25
2.95962   8.60528e+25
2.96986   8.57978e+25
2.98014   8.55444e+25
2.99046   8.52916e+25
3.00081   8.50404e+25
3.0112   8.47897e+25
3.02162   8.45405e+25
3.03208   8.4292e+25
3.04258   8.40449e+25
3.05311   8.37984e+25
3.06368   8.35535e+25
3.07428   8.33091e+25
3.08493   8.30662e+25
3.0956   8.28239e+25
3.10632   8.2583e+25
3.11707   8.23427e+25
3.12786   8.21035e+25
3.13869   8.18657e+25
3.14955   8.16285e+25
3.16046   8.13927e+25
3.1714   8.11575e+25
3.18238   8.09238e+25
3.19339   8.06906e+25
3.20445   8.04588e+25
3.21554   8.02276e+25
3.22667   7.99979e+25
3.23784   7.97686e+25
3.24905   7.95408e+25
3.26029   7.93136e+25
3.27158   7.90877e+25
3.2829   7.88624e+25
3.29427   7.86385e+25
3.30567   7.84151e+25
3.31711   7.81931e+25
3.3286   7.79717e+25
3.34012   7.77512e+25
3.35168   7.75321e+25
3.36328   7.73135e+25
3.37493   7.70963e+25
3.38661   7.68796e+25
3.39833   7.66643e+25
3.41009   7.64494e+25
3.4219   7.6236e+25
3.43374   7.6023e+25
3.44563   7.58114e+25
3.45756   7.56003e+25
3.46953   7.53906e+25
3.48154   7.51814e+25
3.49359   7.49735e+25
3.50568   7.4766e+25
3.51782   7.45599e+25
3.52999   7.43543e+25
3.54221   7.41497e+25
3.55447   7.39463e+25
3.56678   7.37434e+25
3.57913   7.35418e+25
3.59151   7.33407e+25
3.60395   7.31409e+25
3.61642   7.29416e+25
3.62894   7.27436e+25
3.6415   7.2546e+25
3.65411   7.23497e+25
3.66676   7.21539e+25
3.67945   7.19594e+25
3.69219   7.17654e+25
3.70497   7.15726e+25
3.71779   7.13803e+25
3.73066   7.11892e+25
3.74358   7.09986e+25
3.75653   7.08092e+25
3.76954   7.06204e+25
3.78259   7.04323e+25
3.79568   7.02455e+25
3.80882   7.00592e+25
3.822   6.98741e+25
3.83523   6.96894e+25
3.84851   6.9506e+25
3.86183   6.9323e+25
3.8752   6.91412e+25
3.88861   6.89599e+25
3.90208   6.87798e+25
3.91558   6.86001e+25
3.92914   6.84216e+25
3.94274   6.82436e+25
3.95639   6.80667e+25
3.97008   6.78903e+25
3.98382   6.77151e+25
3.99761   6.75403e+25
4.01145   6.73663e+25
4.02534   6.71935e+25
4.03927   6.70211e+25
4.05325   6.68499e+25
4.06729   6.66791e+25
4.08136   6.65095e+25
4.09549   6.63403e+25
4.10967   6.61722e+25
4.1239   6.60046e+25
4.13817   6.58381e+25
4.1525   6.5672e+25
4.16687   6.55071e+25
4.18129   6.53426e+25
4.19577   6.51792e+25
4.21029   6.50162e+25
4.22487   6.48543e+25
4.23949   6.46929e+25
4.25417   6.45322e+25
4.26889   6.43726e+25
4.28367   6.42135e+25
4.2985   6.40554e+25
4.31338   6.38977e+25
4.32831   6.37412e+25
4.34329   6.3585e+25
4.35833   6.34299e+25
4.37341   6.32752e+25
4.38855   6.31216e+25
4.40374   6.29684e+25
4.41899   6.28163e+25
4.43428   6.26646e+25
4.44963   6.25139e+25
4.46504   6.23636e+25
4.48049   6.22141e+25
4.496   6.20656e+25
4.51156   6.19175e+25
4.52718   6.17704e+25
4.54285   6.16237e+25
4.55858   6.14781e+25
4.57436   6.13329e+25
4.59019   6.11886e+25
4.60608   6.10448e+25
4.62203   6.0902e+25
4.63803   6.07595e+25
4.65408   6.06181e+25
4.67019   6.04771e+25
4.68636   6.03371e+25
4.70258   6.01974e+25
4.71886   6.00588e+25
4.73519   5.99205e+25
4.75158   5.97829e+25
4.76803   5.96463e+25
4.78454   5.95101e+25
4.8011   5.93748e+25
4.81772   5.92399e+25
4.8344   5.9106e+25
4.85113   5.89725e+25
4.86792   5.88399e+25
4.88477   5.87077e+25
4.90168   5.85765e+25
4.91865   5.84456e+25
4.93568   5.83157e+25
4.95276   5.81861e+25
4.96991   5.80575e+25
4.98711   5.79292e+25
5.00437   5.78016e+25
5.0217   5.7675e+25
5.03908   5.75486e+25
5.05652   5.74233e+25
5.07403   5.72982e+25
5.09159   5.71741e+25
5.10921   5.70503e+25
5.1269   5.69275e+25
5.14465   5.6805e+25
5.16246   5.66834e+25
5.18033   5.65622e+25
5.19826   5.64418e+25
5.21625   5.63218e+25
5.23431   5.62027e+25
5.25243   5.60839e+25
5.27061   5.59658e+25
5.28886   5.58485e+25
5.30716   5.57316e+25
5.32553   5.56155e+25
5.34397   5.54998e+25
5.36247   5.5385e+25
5.38103   5.52704e+25
5.39966   5.51568e+25
5.41835   5.50435e+25
5.4371   5.4931e+25
5.45593   5.48188e+25
5.47481   5.47076e+25
5.49376   5.45966e+25
5.51278   5.44865e+25
5.53186   5.43767e+25
5.55101   5.42674e+25
5.57023   5.41591e+25
5.58951   5.4051e+25
5.60886   5.39438e+25
5.62827   5.38368e+25
5.64776   5.37307e+25
5.66731   5.36249e+25
5.68692   5.35199e+25
5.70661   5.34153e+25
5.72636   5.33114e+25
5.74619   5.32078e+25
5.76608   5.31051e+25
5.78604   5.30026e+25
5.80607   5.2901e+25
5.82616   5.27996e+25
5.84633   5.26988e+25
5.86657   5.25988e+25
5.88688   5.2499e+25
5.90725   5.24001e+25
5.9277   5.23014e+25
5.94822   5.22035e+25
5.96881   5.21059e+25
5.98947   5.20091e+25
6.01021   5.19125e+25
6.03101   5.18168e+25
6.05189   5.17213e+25
6.07284   5.16265e+25
6.09386   5.1532e+25
6.11495   5.14381e+25
6.13612   5.13449e+25
6.15736   5.12519e+25
6.17868   5.11597e+25
6.20006   5.10678e+25
6.22153   5.09766e+25
6.24306   5.08857e+25
6.26467   5.07955e+25
6.28636   5.07056e+25
6.30812   5.06164e+25
6.32996   5.05274e+25
6.35187   5.04392e+25
6.37386   5.03512e+25
6.39592   5.02637e+25
6.41806   5.01769e+25
6.44028   5.00904e+25
6.46257   5.00045e+25
6.48494   4.99189e+25
6.50739   4.98341e+25
6.52991   4.97494e+25
6.55252   4.96654e+25
6.5752   4.95817e+25
6.59796   4.94987e+25
6.6208   4.94159e+25
6.64372   4.93338e+25
6.66672   4.92519e+25
6.68979   4.91707e+25
6.71295   4.90896e+25
6.73619   4.90091e+25
6.75951   4.89292e+25
6.7829   4.88495e+25
6.80638   4.87706e+25
6.82995   4.86918e+25
6.85359   4.86136e+25
6.87731   4.85357e+25
6.90112   4.84585e+25
6.92501   4.83814e+25
6.94898   4.8305e+25
6.97303   4.82288e+25
6.99717   4.81532e+25
7.02139   4.80778e+25
7.0457   4.80028e+25
7.07009   4.79285e+25
7.09456   4.78544e+25
7.11912   4.77809e+25
7.14376   4.77075e+25
7.16849   4.76348e+25
7.1933   4.75623e+25
7.21821   4.74904e+25
7.24319   4.74186e+25
7.26826   4.73476e+25
7.29342   4.72766e+25
7.31867   4.72063e+25
7.34401   4.71361e+25
7.36943   4.70662e+25
7.39494   4.69971e+25
7.42053   4.6928e+25
7.44622   4.68596e+25
7.472   4.67913e+25
7.49786   4.67236e+25
7.52382   4.66561e+25
7.54986   4.65891e+25
7.576   4.65223e+25
7.60222   4.64561e+25
7.62854   4.639e+25
7.65494   4.63242e+25
7.68144   4.6259e+25
7.70803   4.6194e+25
7.73471   4.61295e+25
7.76149   4.60652e+25
7.78835   4.60014e+25
7.81531   4.59377e+25
7.84237   4.58747e+25
7.86952   4.58116e+25
7.89676   4.57492e+25
7.92409   4.56869e+25
7.95152   4.56251e+25
7.97905   4.55635e+25
8.00667   4.55021e+25
8.03438   4.54413e+25
8.06219   4.53806e+25
8.0901   4.53204e+25
8.11811   4.52603e+25
8.14621   4.52008e+25
8.17441   4.51413e+25
8.2027   4.50824e+25
8.2311   4.50236e+25
8.25959   4.49653e+25
8.28818   4.4907e+25
8.31687   4.4849e+25
8.34566   4.47916e+25
8.37455   4.47342e+25
8.40354   4.46774e+25
8.43263   4.46206e+25
8.46182   4.45643e+25
8.49111   4.45081e+25
8.5205   4.44524e+25
8.55   4.43967e+25
8.57959   4.43415e+25
8.60929   4.42864e+25
8.63909   4.42318e+25
8.669   4.41771e+25
8.69901   4.41228e+25
8.72912   4.4069e+25
8.75934   4.40151e+25
8.78966   4.39618e+25
8.82008   4.39085e+25
8.85062   4.38557e+25
8.88125   4.38029e+25
8.912   4.37506e+25
8.94285   4.36982e+25
8.9738   4.36464e+25
9.00487   4.35945e+25
9.03604   4.35429e+25
9.06732   4.34918e+25
9.0987   4.34407e+25
9.1302   4.339e+25
9.1618   4.33393e+25
9.19352   4.32891e+25
9.22534   4.32388e+25
9.25728   4.31891e+25
9.28932   4.31393e+25
9.32148   4.30899e+25
9.35374   4.30405e+25
9.38612   4.29913e+25
9.41861   4.29426e+25
9.45122   4.28939e+25
9.48393   4.28456e+25
9.51676   4.27972e+25
9.54971   4.27493e+25
9.58276   4.27013e+25
9.61593   4.26538e+25
9.64922   4.26062e+25
9.68262   4.25591e+25
9.71614   4.25118e+25
9.74977   4.24647e+25
9.78352   4.24182e+25
9.81739   4.23714e+25
9.85137   4.23252e+25
9.88547   4.22789e+25
9.91969   4.2233e+25
9.95403   4.21869e+25
9.98849   4.21414e+25
10.0231   4.20957e+25
10.0578   4.20505e+25
10.0926   4.20051e+25
10.1275   4.19598e+25
10.1626   4.19151e+25
10.1977   4.18702e+25
10.233   4.18257e+25
10.2685   4.17811e+25
10.304   4.17369e+25
10.3397   4.16925e+25
10.3755   4.16487e+25
10.4114   4.16046e+25
10.4474   4.1561e+25
10.4836   4.15171e+25
10.5199   4.14735e+25
10.5563   4.14302e+25
10.5928   4.13868e+25
10.6295   4.13438e+25
10.6663   4.13006e+25
10.7032   4.12579e+25
10.7403   4.12149e+25
10.7775   4.11724e+25
10.8148   4.11296e+25
10.8522   4.10873e+25
10.8898   4.10448e+25
10.9275   4.10024e+25
10.9653   4.09604e+25
11.0032   4.09182e+25
11.0413   4.08764e+25
11.0796   4.08343e+25
11.1179   4.07927e+25
11.1564   4.07509e+25
11.195   4.07094e+25
11.2338   4.06678e+25
11.2726   4.06262e+25
11.3117   4.0585e+25
11.3508   4.05435e+25
11.3901   4.05025e+25
11.4295   4.04612e+25
11.4691   4.04203e+25
11.5088   4.03792e+25
11.5487   4.03384e+25
11.5886   4.02974e+25
11.6287   4.02568e+25
11.669   4.02159e+25
11.7094   4.0175e+25
11.7499   4.01346e+25
11.7906   4.00939e+25
11.8314   4.00535e+25
11.8724   4.00129e+25
11.9135   3.99726e+25
11.9547   3.99321e+25
11.9961   3.98919e+25
12.0376   3.98515e+25
12.0793   3.9811e+25
12.1211   3.9771e+25
12.1631   3.97307e+25
12.2052   3.96907e+25
12.2474   3.96504e+25
12.2898   3.96105e+25
12.3323   3.95702e+25
12.375   3.95304e+25
12.4179   3.94902e+25
12.4609   3.94503e+25
12.504   3.94102e+25
12.5473   3.937e+25
12.5907   3.93303e+25
12.6343   3.92901e+25
12.678   3.92504e+25
12.7219   3.92103e+25
12.7659   3.91705e+25
12.8101   3.91304e+25
12.8545   3.90907e+25
12.899   3.90506e+25
12.9436   3.90105e+25
12.9884   3.89707e+25
13.0334   3.89306e+25
13.0785   3.88908e+25
13.1238   3.88506e+25
13.1692   3.88108e+25
13.2148   3.87707e+25
13.2605   3.87308e+25
13.3064   3.86906e+25
13.3525   3.86504e+25
13.3987   3.86105e+25
13.4451   3.85702e+25
13.4916   3.85302e+25
13.5384   3.84899e+25
13.5852   3.84499e+25
13.6322   3.84095e+25
13.6794   3.83694e+25
13.7268   3.83289e+25
13.7743   3.82884e+25
13.822   3.82482e+25
13.8698   3.82076e+25
13.9178   3.81673e+25
13.966   3.81266e+25
14.0144   3.80862e+25
14.0629   3.80454e+25
14.1116   3.80049e+25
14.1604   3.7964e+25
14.2094   3.7923e+25
14.2586   3.78823e+25
14.308   3.78413e+25
14.3575   3.78005e+25
14.4072   3.77592e+25
14.4571   3.77183e+25
14.5071   3.7677e+25
14.5573   3.76359e+25
14.6077   3.75944e+25
14.6583   3.75528e+25
14.709   3.75115e+25
14.7599   3.74698e+25
14.811   3.74284e+25
14.8623   3.73865e+25
14.9137   3.73449e+25
14.9654   3.73028e+25
15.0172   3.7261e+25
15.0692   3.72188e+25
15.1213   3.71765e+25
15.1737   3.71344e+25
15.2262   3.70919e+25
15.2789   3.70497e+25
15.3318   3.7007e+25
15.3849   3.69645e+25
15.4381   3.69216e+25
15.4916   3.68789e+25
15.5452   3.68358e+25
15.599   3.67926e+25
15.653   3.67496e+25
15.7072   3.67062e+25
15.7615   3.66629e+25
15.8161   3.66193e+25
15.8709   3.65758e+25
15.9258   3.65319e+25
15.9809   3.64882e+25
16.0362   3.64441e+25
16.0918   3.63998e+25
16.1475   3.63557e+25
16.2033   3.63112e+25
16.2594   3.62668e+25
16.3157   3.62221e+25
16.3722   3.61775e+25
16.4289   3.61324e+25
16.4857   3.60875e+25
16.5428   3.60422e+25
16.6001   3.59967e+25
16.6575   3.59514e+25
16.7152   3.59056e+25
16.7731   3.586e+25
16.8311   3.5814e+25
16.8894   3.57681e+25
16.9478   3.57217e+25
17.0065   3.56752e+25
17.0654   3.56288e+25
17.1245   3.55819e+25
17.1837   3.55353e+25
17.2432   3.54881e+25
17.3029   3.54411e+25
17.3628   3.53936e+25
17.4229   3.53462e+25
17.4832   3.52984e+25
17.5437   3.52504e+25
17.6045   3.52025e+25
17.6654   3.51542e+25
17.7266   3.51059e+25
17.7879   3.50572e+25
17.8495   3.50086e+25
17.9113   3.49595e+25
17.9733   3.49106e+25
18.0355   3.48611e+25
18.0979   3.48115e+25
18.1606   3.47619e+25
18.2234   3.47119e+25
18.2865   3.4662e+25
18.3498   3.46115e+25
18.4133   3.45612e+25
18.4771   3.45104e+25
18.541   3.44593e+25
18.6052   3.44084e+25
18.6696   3.43569e+25
18.7343   3.43055e+25
18.7991   3.42536e+25
18.8642   3.42019e+25
18.9295   3.41495e+25
18.995   3.40973e+25
19.0608   3.40445e+25
19.1267   3.39916e+25
19.1929   3.39386e+25
19.2594   3.38852e+25
19.326   3.38318e+25
19.3929   3.37779e+25
19.4601   3.37241e+25
19.5274   3.36697e+25
19.595   3.36151e+25
19.6629   3.35605e+25
19.7309   3.35054e+25
19.7992   3.34504e+25
19.8678   3.33948e+25
19.9365   3.33392e+25
20.0056   3.32831e+25
20.0748   3.32268e+25
20.1443   3.31705e+25
20.214   3.31136e+25
20.284   3.30567e+25
20.3542   3.29993e+25
20.4247   3.2942e+25
20.4954   3.2884e+25
20.5663   3.28261e+25
20.6375   3.27676e+25
20.7089   3.27089e+25
20.7806   3.26501e+25
20.8526   3.25908e+25
20.9248   3.25315e+25
20.9972   3.24716e+25
21.0699   3.24117e+25
21.1428   3.23512e+25
21.216   3.22904e+25
21.2894   3.22297e+25
21.3631   3.21683e+25
21.4371   3.21069e+25
21.5113   3.2045e+25
21.5857   3.1983e+25
21.6605   3.19204e+25
21.7354   3.18575e+25
21.8107   3.17946e+25
21.8862   3.17311e+25
21.9619   3.16675e+25
22.038   3.16033e+25
22.1143   3.15391e+25
22.1908   3.14743e+25
22.2676   3.14092e+25
22.3447   3.1344e+25
22.4221   3.12782e+25
22.4997   3.12123e+25
22.5776   3.11459e+25
22.6557   3.10793e+25
22.7341   3.10122e+25
22.8128   3.09447e+25
22.8918   3.08771e+25
22.971   3.08089e+25
23.0506   3.07406e+25
23.1303   3.06717e+25
23.2104   3.06027e+25
23.2908   3.0533e+25
23.3714   3.04633e+25
23.4523   3.03929e+25
23.5335   3.03222e+25
23.6149   3.02514e+25
23.6967   3.01799e+25
23.7787   3.01083e+25
23.861   3.00361e+25
23.9436   2.99637e+25
24.0265   2.98908e+25
24.1097   2.98174e+25
24.1931   2.97439e+25
24.2769   2.96697e+25
24.3609   2.95954e+25
24.4452   2.95205e+25
24.5298   2.94454e+25
24.6148   2.93697e+25
24.7   2.92936e+25
24.7855   2.92173e+25
24.8713   2.91404e+25
24.9574   2.90633e+25
25.0437   2.89855e+25
25.1304   2.89073e+25
25.2174   2.8829e+25
25.3047   2.875e+25
25.3923   2.86708e+25
25.4802   2.8591e+25
25.5684   2.8511e+25
25.6569   2.84303e+25
25.7457   2.83492e+25
25.8349   2.82679e+25
25.9243   2.8186e+25
26.014   2.81038e+25
26.1041   2.8021e+25
26.1944   2.7938e+25
26.2851   2.78543e+25
26.3761   2.77702e+25
26.4674   2.76859e+25
26.559   2.76009e+25
26.651   2.75156e+25
26.7432   2.74298e+25
26.8358   2.73437e+25
26.9287   2.72569e+25
27.0219   2.71697e+25
27.1154   2.70823e+25
27.2093   2.69942e+25
27.3035   2.69058e+25
27.398   2.68168e+25
27.4928   2.67276e+25
27.588   2.66377e+25
27.6835   2.65473e+25
27.7793   2.64567e+25
27.8755   2.63655e+25
27.972   2.6274e+25
28.0688   2.61818e+25
28.166   2.60894e+25
28.2635   2.59964e+25
28.3613   2.59028e+25
28.4595   2.58091e+25
28.558   2.57147e+25
28.6569   2.562e+25
28.7561   2.55247e+25
28.8556   2.54289e+25
28.9555   2.53329e+25
29.0557   2.52362e+25
29.1563   2.51393e+25
29.2572   2.50417e+25
29.3585   2.49439e+25
29.4601   2.48454e+25
29.5621   2.47465e+25
29.6644   2.46473e+25
29.7671   2.45475e+25
29.8702   2.44474e+25
29.9736   2.43468e+25
30.0773   2.42458e+25
30.1814   2.41443e+25
30.2859   2.40423e+25
30.3907   2.394e+25
30.4959   2.38372e+25
30.6015   2.37341e+25
30.7074   2.36304e+25
30.8137   2.35262e+25
30.9204   2.34219e+25
31.0274   2.33169e+25
31.1348   2.32117e+25
31.2426   2.31059e+25
31.3508   2.29999e+25
31.4593   2.28933e+25
31.5682   2.27862e+25
31.6775   2.2679e+25
31.7871   2.25712e+25
31.8971   2.24632e+25
32.0076   2.23546e+25
32.1184   2.22456e+25
32.2295   2.21365e+25
32.3411   2.20268e+25
32.4531   2.19168e+25
32.5654   2.18064e+25
32.6781   2.16958e+25
32.7912   2.15846e+25
32.9048   2.14731e+25
33.0187   2.13614e+25
33.133   2.12492e+25
33.2476   2.11368e+25
33.3627   2.1024e+25
33.4782   2.0911e+25
33.5941   2.07975e+25
33.7104   2.06836e+25
33.8271   2.05697e+25
33.9442   2.04553e+25
34.0617   2.03407e+25
34.1796   2.02258e+25
34.2979   2.01105e+25
34.4166   1.99951e+25
34.5358   1.98793e+25
34.6553   1.97634e+25
34.7753   1.96471e+25
34.8957   1.95305e+25
35.0165   1.94139e+25
35.1377   1.92969e+25
35.2593   1.91798e+25
35.3813   1.90623e+25
35.5038   1.89448e+25
35.6267   1.88269e+25
35.75   1.87089e+25
35.8738   1.85908e+25
35.998   1.84724e+25
36.1226   1.8354e+25
36.2476   1.82353e+25
36.3731   1.81164e+25
36.499   1.79975e+25
36.6254   1.78784e+25
36.7521   1.77593e+25
36.8794   1.76399e+25
37.007   1.75206e+25
37.1351   1.7401e+25
37.2637   1.72814e+25
37.3927   1.71618e+25
37.5221   1.7042e+25
37.652   1.69223e+25
37.7823   1.68024e+25
37.9131   1.66825e+25
38.0443   1.65626e+25
38.176   1.64427e+25
38.3082   1.63228e+25
38.4408   1.62028e+25
38.5739   1.60829e+25
38.7074   1.59631e+25
38.8414   1.58432e+25
38.9758   1.57234e+25
39.1108   1.56036e+25
39.2461   1.54839e+25
39.382   1.53643e+25
39.5183   1.52447e+25
39.6551   1.51254e+25
39.7924   1.5006e+25
39.9301   1.48868e+25
40.0683   1.47676e+25
40.207   1.46486e+25
40.3462   1.45299e+25
40.4859   1.44111e+25
40.626   1.42927e+25
40.7667   1.41743e+25
40.9078   1.40561e+25
41.0494   1.39382e+25
41.1915   1.38205e+25
41.3341   1.3703e+25
41.4771   1.35856e+25
41.6207   1.34685e+25
41.7648   1.33518e+25
41.9094   1.32352e+25
42.0544   1.31189e+25
42.2   1.30029e+25
42.3461   1.28871e+25
42.4927   1.27717e+25
42.6398   1.26565e+25
42.7874   1.25418e+25
42.9355   1.24272e+25
43.0841   1.2313e+25
43.2333   1.21993e+25
43.3829   1.20858e+25
43.5331   1.19727e+25
43.6838   1.186e+25
43.835   1.17477e+25
43.9867   1.16357e+25
44.139   1.15241e+25
44.2918   1.1413e+25
44.4451   1.13022e+25
44.599   1.1192e+25
44.7533   1.10821e+25
44.9083   1.09726e+25
45.0637   1.08637e+25
45.2197   1.07551e+25
45.3762   1.06471e+25
45.5333   1.05395e+25
45.6909   1.04324e+25
45.8491   1.03258e+25
46.0078   1.02197e+25
46.1671   1.01141e+25
46.3269   1.0009e+25
46.4872   9.90438e+24
46.6481   9.80039e+24
46.8096   9.69685e+24
46.9717   9.59393e+24
47.1343   9.49148e+24
47.2974   9.38958e+24
47.4611   9.28832e+24
47.6254   9.18755e+24
47.7903   9.08742e+24
47.9557   8.9878e+24
48.1217   8.88877e+24
48.2883   8.79039e+24
48.4555   8.69254e+24
48.6232   8.59536e+24
48.7915   8.49871e+24
48.9604   8.40268e+24
49.1299   8.30733e+24
49.2999   8.21252e+24
49.4706   8.11842e+24
49.6418   8.02487e+24
49.8137   7.93195e+24
49.9861   7.83974e+24
50.1592   7.74809e+24
50.3328   7.65716e+24
50.507   7.56681e+24
50.6818   7.47712e+24
50.8573   7.38814e+24
51.0333   7.29975e+24
51.21   7.21208e+24
51.3873   7.12501e+24
51.5651   7.03861e+24
51.7436   6.95294e+24
51.9227   6.86788e+24
52.1025   6.78354e+24
52.2828   6.69982e+24
52.4638   6.61678e+24
52.6454   6.53447e+24
52.8277   6.45278e+24
53.0105   6.37182e+24
53.194   6.29149e+24
53.3782   6.21184e+24
53.5629   6.13293e+24
53.7484   6.05465e+24
53.9344   5.97705e+24
54.1211   5.90019e+24
54.3085   5.82396e+24
54.4964   5.74846e+24
54.6851   5.6736e+24
54.8744   5.59942e+24
55.0643   5.52597e+24
55.2549   5.45316e+24
55.4462   5.38108e+24
55.6382   5.30964e+24
55.8307   5.23887e+24
56.024   5.16883e+24
56.2179   5.09943e+24
56.4125   5.03075e+24
56.6078   4.9627e+24
56.8038   4.89532e+24
57.0004   4.82867e+24
57.1977   4.76264e+24
57.3957   4.69732e+24
57.5944   4.63263e+24
57.7938   4.56861e+24
57.9938   4.50529e+24
58.1946   4.44259e+24
58.396   4.3806e+24
58.5982   4.31922e+24
58.801   4.2585e+24
59.0045   4.19846e+24
59.2088   4.13904e+24
59.4137   4.08027e+24
59.6194   4.02217e+24
59.8258   3.96469e+24
60.0329   3.90787e+24
60.2407   3.85166e+24
60.4492   3.79607e+24
60.6585   3.74115e+24
60.8684   3.68682e+24
61.0791   3.63315e+24
61.2906   3.58006e+24
61.5027   3.52759e+24
61.7156   3.47576e+24
61.9293   3.42451e+24
62.1436   3.37389e+24
62.3588   3.32384e+24
62.5746   3.27438e+24
62.7912   3.22556e+24
63.0086   3.17728e+24
63.2267   3.1296e+24
63.4456   3.08252e+24
63.6652   3.03599e+24
63.8856   2.99006e+24
64.1067   2.94467e+24
64.3286   2.89985e+24
64.5513   2.85561e+24
64.7747   2.8119e+24
64.999   2.76877e+24
65.224   2.72616e+24
65.4497   2.68409e+24
65.6763   2.64259e+24
65.9036   2.60159e+24
66.1318   2.56112e+24
66.3607   2.52121e+24
66.5904   2.48178e+24
66.8209   2.4429e+24
67.0522   2.40451e+24
67.2843   2.36662e+24
67.5172   2.32926e+24
67.751   2.29237e+24
67.9855   2.25601e+24
68.2208   2.2201e+24
68.457   2.18468e+24
68.6939   2.14976e+24
68.9317   2.1153e+24
69.1703   2.0813e+24
69.4098   2.04779e+24
69.6501   2.01472e+24
69.8912   1.98213e+24
70.1331   1.94997e+24
70.3759   1.91826e+24
70.6195   1.88701e+24
70.8639   1.85618e+24
71.1092   1.82578e+24
71.3554   1.79584e+24
71.6024   1.76629e+24
71.8502   1.73719e+24
72.099   1.70848e+24
72.3485   1.68018e+24
72.599   1.65231e+24
72.8503   1.62482e+24
73.1025   1.59773e+24
73.3555   1.57105e+24
73.6094   1.54475e+24
73.8642   1.51884e+24
74.1199   1.49329e+24
74.3765   1.46813e+24
74.634   1.44335e+24
74.8923   1.41891e+24
75.1516   1.39486e+24
75.4117   1.37115e+24
75.6727   1.3478e+24
75.9347   1.32481e+24
76.1975   1.30215e+24
76.4613   1.27983e+24
76.726   1.25786e+24
76.9916   1.23621e+24
77.2581   1.21491e+24
77.5255   1.19391e+24
77.7939   1.17324e+24
78.0632   1.1529e+24
78.3334   1.13285e+24
78.6046   1.11312e+24
78.8767   1.0937e+24
79.1497   1.07457e+24
79.4237   1.05575e+24
79.6986   1.03721e+24
79.9745   1.01896e+24
80.2513   1.00101e+24
80.5291   9.83331e+23
80.8079   9.65927e+23
81.0876   9.4881e+23
81.3683   9.31952e+23
81.65   9.1536e+23
81.9326   8.99044e+23
82.2162   8.82976e+23
82.5008   8.67177e+23
82.7864   8.51618e+23
83.073   8.3631e+23
83.3605   8.21258e+23
83.6491   8.06438e+23
83.9387   7.91857e+23
84.2292   7.77524e+23
84.5208   7.63412e+23
84.8134   7.4954e+23
85.1069   7.35883e+23
85.4015   7.2245e+23
85.6972   7.09247e+23
85.9938   6.9625e+23
86.2915   6.83467e+23
86.5902   6.70904e+23
86.8899   6.58539e+23
87.1907   6.46388e+23
87.4925   6.34429e+23
87.7954   6.22668e+23
88.0993   6.11113e+23
88.4043   5.99741e+23
88.7103   5.88559e+23
89.0174   5.77573e+23
89.3255   5.66763e+23
89.6347   5.56134e+23
89.945   5.45693e+23
90.2563   5.3542e+23
90.5688   5.25328e+23
90.8823   5.154e+23
91.1969   5.0564e+23
91.5126   4.96053e+23
91.8293   4.86622e+23
92.1472   4.77353e+23
92.4662   4.68249e+23
92.7863   4.59293e+23
93.1075   4.50492e+23
93.4298   4.41848e+23
93.7532   4.33347e+23
94.0777   4.24999e+23
94.4034   4.16789e+23
94.7302   4.0872e+23
95.0581   4.00798e+23
95.3871   3.93008e+23
95.7173   3.85353e+23
96.0486   3.77837e+23
96.3811   3.70447e+23
96.7148   3.63185e+23
97.0495   3.56058e+23
97.3855   3.49049e+23
97.7226   3.42169e+23
98.0609   3.35404e+23
98.4003   3.28759e+23
98.7409   3.22237e+23
99.0827   3.15825e+23
99.4257   3.09526e+23
99.7699   3.03345e+23
100.115   2.97268e+23
100.462   2.91299e+23
100.81   2.85442e+23
101.159   2.79684e+23
101.509   2.7403e+23
101.86   2.68481e+23
102.213   2.63027e+23
102.566   2.57677e+23
102.922   2.52417e+23
103.278   2.47253e+23
103.635   2.42186e+23
103.994   2.37207e+23
104.354   2.32318e+23
104.715   2.27521e+23
105.078   2.22808e+23
105.441   2.1818e+23
105.806   2.13641e+23
106.173   2.09181e+23
106.54   2.04802e+23
106.909   2.00507e+23
107.279   1.96287e+23
107.65   1.92148e+23
108.023   1.88082e+23
108.397   1.8409e+23
108.772   1.80176e+23
109.149   1.7633e+23
109.527   1.72555e+23
109.906   1.68854e+23
110.286   1.65218e+23
110.668   1.6165e+23
111.051   1.58151e+23
111.435   1.54714e+23
111.821   1.51341e+23
112.208   1.48035e+23
112.597   1.44787e+23
112.986   1.416e+23
113.378   1.38476e+23
113.77   1.35407e+23
114.164   1.324e+23
114.559   1.29445e+23
114.956   1.26547e+23
115.354   1.23706e+23
115.753   1.20916e+23
116.154   1.18179e+23
116.556   1.15497e+23
116.959   1.12863e+23
117.364   1.10279e+23
117.77   1.07747e+23
118.178   1.0526e+23
118.587   1.02822e+23
118.997   5.06731e+22
119.409   4.80338e+22
119.823   4.54966e+22
120.238   4.30618e+22
120.654   4.07262e+22
121.071   3.84898e+22
121.49   3.63521e+22
121.911   3.43095e+22
122.333   3.2361e+22
122.757   3.05053e+22
123.181   2.87385e+22
123.608   2.70596e+22
124.036   2.54646e+22
124.465   2.39516e+22
124.896   2.25185e+22
125.328   2.1161e+22
125.762   1.9877e+22
126.197   1.86642e+22
126.634   1.75183e+22
127.073   1.64372e+22
127.513   1.54183e+22
127.954   1.4458e+22
128.397   1.35538e+22
128.841   1.27034e+22
129.287   1.19034e+22
129.735   1.11515e+22
130.184   1.04454e+22
130.635   9.78225e+21
131.087   9.15986e+21
131.541   8.57626e+21
131.996   8.02875e+21
132.453   7.5155e+21
132.911   7.03475e+21
133.371   6.58418e+21
133.833   6.16219e+21
134.296   5.76724e+21
134.761   5.39735e+21
135.228   5.05116e+21
135.696   4.72734e+21
136.165   4.42424e+21
136.637   4.14068e+21
137.11   3.87555e+21
137.584   3.62748e+21
138.061   3.39548e+21
138.539   3.1786e+21
139.018   2.97572e+21
139.499   2.78601e+21
139.982   2.60869e+21
140.467   2.44283e+21
140.953   2.28773e+21
141.441   2.14278e+21
141.931   2.00717e+21
142.422   1.88036e+21
142.915   1.76183e+21
143.41   1.65093e+21
143.906   1.54721e+21
144.404   1.45025e+21
144.904   1.3595e+21
145.406   1.27462e+21
145.909   1.19524e+21
146.414   1.12094e+21
146.921   1.05142e+21
147.429   9.86383e+20
147.94   9.25487e+20
148.452   8.68486e+20
148.966   8.1515e+20
149.481   7.65189e+20
149.999   7.18409e+20
150.518   6.74618e+20
151.039   6.33581e+20
151.562   5.95142e+20
152.087   5.59143e+20
152.613   5.25397e+20
153.141   4.93771e+20
153.671   4.64142e+20
154.203   4.36353e+20
154.737   4.10299e+20
155.273   3.85878e+20
155.81   3.62964e+20
156.35   3.41469e+20
156.891   3.21313e+20
157.434   3.02391e+20
157.979   2.84634e+20
158.526   2.67974e+20
159.075   2.52326e+20
159.625   2.37635e+20
160.178   2.23844e+20
160.732   2.10885e+20
161.289   1.98711e+20
161.847   1.87279e+20
162.407   1.7653e+20
162.969   1.66428e+20
163.534   1.56936e+20
164.1   1.48007e+20
164.668   1.39611e+20
165.238   1.31718e+20
165.81   1.2429e+20
166.384   1.17301e+20
166.96   1.10728e+20
167.538   1.04538e+20
168.117   9.87119e+19
168.699   9.32296e+19
169.283   8.80642e+19
169.869   8.31996e+19
170.457   7.86172e+19
171.047   7.43025e+19
171.64   7.02345e+19
172.234   6.64009e+19
172.83   6.27889e+19
173.428   5.93821e+19
174.028   5.61696e+19
174.631   5.31416e+19
175.235   5.0284e+19
175.842   4.75881e+19
176.451   4.50457e+19
177.061   4.26451e+19
177.674   4.03793e+19
178.289   3.82414e+19
178.907   3.62216e+19
179.526   3.43144e+19
180.147   3.25139e+19
180.771   3.08121e+19
181.397   2.92042e+19
182.025   2.76857e+19
182.655   2.62496e+19
183.287   2.48921e+19
183.921   2.36088e+19
184.558   2.23958e+19
185.197   2.1248e+19
185.838   2.01624e+19
186.481   1.91358e+19
187.127   1.8164e+19
187.775   1.72442e+19
188.425   1.63742e+19
189.077   1.555e+19
189.731   1.47697e+19
190.388   1.40312e+19
191.047   1.33313e+19
191.708   1.26684e+19
192.372   1.20406e+19
193.038   1.14454e+19
193.706   1.08814e+19
194.377   1.03467e+19
195.05   9.84014e+18
195.725   9.35952e+18
196.402   8.90376e+18
197.082   8.47176e+18
197.764   8.0617e+18
198.449   7.67265e+18
199.136   7.30372e+18
199.825   6.95336e+18
200.517   6.6208e+18
201.211   6.30529e+18
201.908   6.00553e+18
202.606   5.72089e+18
203.308   5.45054e+18
204.012   5.19389e+18
204.718   4.94991e+18
205.426   4.71807e+18
206.138   4.4979e+18
206.851   4.28849e+18
207.567   4.08944e+18
208.286   3.90031e+18
209.007   3.72034e+18
209.73   3.54919e+18
210.456   3.38651e+18
211.185   3.23163e+18
211.916   3.08429e+18
212.649   2.94409e+18
213.385   2.81073e+18
214.124   2.68372e+18
214.865   2.5628e+18
215.609   2.44775e+18
216.355   2.33812e+18
217.104   2.2337e+18
217.856   2.13431e+18
218.61   2.03957e+18
219.367   1.94929e+18
220.126   1.86327e+18
220.888   1.78134e+18
221.653   1.70319e+18
222.42   1.62869e+18
223.19   1.55771e+18
223.962   1.48997e+18
224.738   1.42537e+18
225.516   1.3638e+18
226.296   1.30502e+18
227.08   1.24894e+18
227.866   1.19542e+18
228.654   1.14438e+18
229.446   1.09564e+18
230.24   1.0491e+18
231.037   1.00471e+18
231.837   9.62282e+17
232.639   9.2177e+17
233.445   8.83103e+17
234.253   8.4614e+17
235.064   8.10828e+17
235.877   7.77089e+17
236.694   7.4487e+17
237.513   7.14055e+17
238.335   6.84601e+17
239.16   6.56464e+17
239.988   6.29543e+17
240.819   6.038e+17
241.653   5.79182e+17
242.489   5.55653e+17
243.329   5.33129e+17
244.171   5.11581e+17
245.016   4.90978e+17
245.864   4.71247e+17
246.715   4.52365e+17
247.569   4.34292e+17
248.426   4.17002e+17
249.286   4.00437e+17
250.149   3.84576e+17
251.015   3.69399e+17
251.884   3.5485e+17
252.756   3.40916e+17
253.631   3.27577e+17
254.509   3.14787e+17
255.39   3.02531e+17
256.274   2.90786e+17
257.161   2.79539e+17
258.051   2.68749e+17
258.944   2.58405e+17
259.841   2.48495e+17
260.74   2.38985e+17
261.643   2.29864e+17
262.549   2.21117e+17
263.457   2.12734e+17
264.369   2.04684e+17
265.284   1.96961e+17
266.203   1.89557e+17
267.124   1.82445e+17
268.049   1.7562e+17
268.977   1.69068e+17
269.908   1.62784e+17
270.842   1.56745e+17
271.78   1.50947e+17
272.721   1.45379e+17
273.665   1.40036e+17
274.612   1.34899e+17
275.562   1.29965e+17
276.516   1.25229e+17
277.474   1.20674e+17
278.434   1.16297e+17
279.398   1.1209e+17
280.365   1.08051e+17
281.336   1.04164e+17
282.309   1.00428e+17
283.287   9.68393e+16
284.267   9.33851e+16
285.251   9.00634e+16
286.239   8.68687e+16
287.23   8.37985e+16
288.224   8.08426e+16
289.222   7.79987e+16
290.223   7.52648e+16
291.227   7.26317e+16
292.235   7.00978e+16
293.247   6.7659e+16
294.262   6.53137e+16
295.281   6.30537e+16
296.303   6.08779e+16
297.329   5.87831e+16
298.358   5.67677e+16
299.391   5.48249e+16
300.427   5.29537e+16
301.467   5.1153e+16
302.51   4.94166e+16
303.558   4.77438e+16
304.608   4.6132e+16
305.663   4.45802e+16
306.721   4.30833e+16
307.783   4.16406e+16
308.848   4.025e+16
309.917   3.89108e+16
310.99   3.76183e+16
312.066   3.63722e+16
313.147   3.51717e+16
314.231   3.40129e+16
315.318   3.28952e+16
316.41   3.18172e+16
317.505   3.07783e+16
318.604   2.97751e+16
319.707   2.88071e+16
320.814   2.78732e+16
321.924   2.69727e+16
323.039   2.61029e+16
324.157   2.52633e+16
325.279   2.44529e+16
326.405   2.36714e+16
327.535   2.29161e+16
328.669   2.21868e+16
329.806   2.14833e+16
330.948   2.08032e+16
332.094   2.01464e+16
333.243   1.9512e+16
334.397   1.88999e+16
335.554   1.83078e+16
336.716   1.77359e+16
337.881   1.71833e+16
339.051   1.66498e+16
340.225   1.61337e+16
341.402   1.56349e+16
342.584   1.51529e+16
343.77   1.46873e+16
344.96   1.42368e+16
346.154   1.38013e+16
347.352   1.33801e+16
348.555   1.29733e+16
349.761   1.25795e+16
350.972   1.21986e+16
352.187   1.18303e+16
353.406   1.14743e+16
354.63   1.11296e+16
355.857   1.07961e+16
357.089   1.04738e+16
358.325   1.01615e+16
359.565   9.8594e+15
360.81   9.56699e+15
362.059   9.28431e+15
363.312   9.01037e+15
364.57   8.74519e+15
365.832   8.48848e+15
367.098   8.24024e+15
368.369   7.99959e+15
369.644   7.76657e+15
370.924   7.54091e+15
372.208   7.32263e+15
373.496   7.11095e+15
374.789   6.90592e+15
376.086   6.70732e+15
377.388   6.51514e+15
378.695   6.32872e+15
380.006   6.1481e+15
381.321   5.97308e+15
382.641   5.80368e+15
383.965   5.63931e+15
385.295   5.47999e+15
386.628   5.32558e+15
387.967   5.17607e+15
389.31   5.03096e+15
390.657   4.89027e+15
392.01   4.75387e+15
393.367   4.62177e+15
394.728   4.49351e+15
396.095   4.36913e+15
397.466   4.24849e+15
398.842   4.13164e+15
400.222   4.01814e+15
401.608   3.90804e+15
402.998   3.80124e+15
404.393   3.69774e+15
405.793   3.5972e+15
407.197   3.49964e+15
408.607   3.40496e+15
410.021   3.3132e+15
411.441   3.22403e+15
412.865   3.13748e+15
414.294   3.05347e+15
415.728   2.97202e+15
417.167   2.89285e+15
418.611   2.81599e+15
420.06   2.74136e+15
421.514   2.6689e+15
422.973   2.59862e+15
424.438   2.53028e+15
425.907   2.46391e+15
427.381   2.39946e+15
428.861   2.33693e+15
430.345   2.27611e+15
431.835   2.21704e+15
433.33   2.15964e+15
434.83   2.10395e+15
436.335   2.04977e+15
437.845   1.99712e+15
439.361   1.94596e+15
440.882   1.89631e+15
442.408   1.848e+15
443.939   1.80104e+15
445.476   1.75539e+15
447.018   1.71108e+15
448.566   1.66795e+15
450.118   1.62602e+15
451.676   1.58526e+15
453.24   1.54563e+15
454.809   1.50714e+15
456.383   1.46967e+15
457.963   1.43323e+15
459.548   1.39779e+15
461.139   1.36337e+15
462.735   1.32985e+15
464.337   1.29724e+15
465.944   1.26553e+15
467.557   1.23471e+15
469.176   1.2047e+15
470.8   1.1755e+15
472.43   1.14709e+15
474.065   1.11948e+15
475.706   1.09258e+15
477.353   1.06641e+15
479.005   1.04094e+15
480.663   1.01615e+15
482.327   9.92057e+14
483.997   9.68575e+14
485.672   9.45719e+14
487.353   9.23471e+14
489.04   9.01843e+14
490.733   8.80757e+14
492.432   8.6023e+14
494.136   8.40245e+14
495.847   8.20787e+14
497.563   8.01866e+14
499.286   7.83415e+14
501.014   7.65448e+14
502.748   7.47951e+14
504.489   7.30935e+14
506.235   7.14338e+14
507.987   6.98172e+14
509.746   6.82427e+14
511.51   6.6711e+14
513.281   6.52168e+14
515.058   6.37612e+14
516.841   6.23431e+14
518.63   6.09615e+14
520.425   5.96172e+14
522.227   5.83055e+14
524.034   5.70273e+14
525.848   5.57818e+14
527.669   5.45697e+14
529.495   5.33867e+14
531.328   5.22337e+14
533.167   5.111e+14
535.013   5.00147e+14
536.865   4.89485e+14
538.723   4.79077e+14
540.588   4.6893e+14
542.459   4.59039e+14
544.337   4.49395e+14
546.221   4.40005e+14
548.112   4.30836e+14
550.009   4.21896e+14
551.913   4.13178e+14
553.824   4.04688e+14
555.741   3.96395e+14
557.665   3.88308e+14
559.595   3.8042e+14
561.532   3.72726e+14
563.476   3.65231e+14
565.427   3.5791e+14
567.384   3.50766e+14
569.348   3.43797e+14
571.319   3.36998e+14
573.296   3.30372e+14
575.281   3.23897e+14
577.272   3.17578e+14
579.271   3.11411e+14
581.276   3.05401e+14
583.288   2.99526e+14
585.307   2.93791e+14
587.333   2.88192e+14
589.366   2.82726e+14
591.406   2.77396e+14
593.453   2.72185e+14
595.508   2.67095e+14
597.569   2.62125e+14
599.638   2.57271e+14
601.713   2.52535e+14
603.796   2.47902e+14
605.886   2.43376e+14
607.984   2.38954e+14
610.088   2.34633e+14
612.2   2.30415e+14
614.319   2.26286e+14
616.446   2.22251e+14
618.58   2.18305e+14
620.721   2.14448e+14
622.87   2.1068e+14
625.026   2.0699e+14
627.189   2.03381e+14
629.36   1.9985e+14
631.539   1.96395e+14
633.725   1.93017e+14
635.919   1.89707e+14
638.12   1.86467e+14
640.329   1.83294e+14
642.546   1.8019e+14
644.77   1.77146e+14
647.002   1.74164e+14
649.241   1.71241e+14
651.489   1.68376e+14
653.744   1.65571e+14
656.007   1.62817e+14
658.278   1.60115e+14
660.556   1.57465e+14
662.843   1.54864e+14
665.138   1.52313e+14
667.44   1.49806e+14
669.75   1.47343e+14
672.069   1.44923e+14
674.395   1.42545e+14
676.73   1.40207e+14
679.072   1.3791e+14
681.423   1.35648e+14
683.782   1.33422e+14
686.149   1.3123e+14
688.524   1.29072e+14
690.907   1.26948e+14
693.299   1.24852e+14
695.699   1.22786e+14
698.107   1.20747e+14
700.524   1.18736e+14
702.948   1.16753e+14
705.382   1.14792e+14
707.823   1.12855e+14
710.274   1.1094e+14
712.732   1.09047e+14
715.2   1.07176e+14
717.675   1.05322e+14
720.16   1.03486e+14
722.652   1.01668e+14
725.154   9.98669e+13
727.664   9.80826e+13
730.183   9.63111e+13
732.711   9.45535e+13
735.247   9.28088e+13
737.792   9.10764e+13
740.346   8.93554e+13
742.909   8.76467e+13
745.48   8.59465e+13
748.061   8.42558e+13
750.65   8.25741e+13
753.249   8.09008e+13
755.856   7.92369e+13
758.473   7.75792e+13
761.098   7.59287e+13
763.733   7.42854e+13
766.377   7.2649e+13
769.029   7.10209e+13
771.692   6.93983e+13
774.363   6.7783e+13
777.043   6.59696e+13
779.733   6.43343e+13
782.432   6.27e+13
785.141   6.10663e+13
787.858   5.94331e+13
790.586   5.78002e+13
793.322   5.61676e+13
796.069   5.45353e+13
798.824   5.29034e+13
801.589   5.12721e+13
804.364   4.96414e+13
807.149   4.8012e+13
809.943   4.6384e+13
812.746   4.47581e+13
815.56   4.31347e+13
818.383   4.15147e+13
821.216   3.98989e+13
824.058   3.82882e+13
826.911   3.66835e+13
829.773   3.50862e+13
832.646   3.34974e+13
835.528   3.19187e+13
838.42   3.03515e+13
841.322   2.87977e+13
844.235   2.72589e+13
847.157   2.57373e+13
850.09   2.4235e+13
853.032   2.27542e+13
855.985   2.12974e+13
858.948   1.98671e+13
861.922   1.84662e+13
864.905   1.70973e+13
867.899   1.57635e+13
870.903   1.44678e+13
873.918   1.32134e+13
876.943   1.20033e+13
879.979   1.08407e+13
883.025   9.72883e+12
886.082   8.67073e+12
889.149   7.66933e+12
892.227   6.72739e+12
895.315   5.84738e+12
898.414   5.03145e+12
901.524   4.28133e+12
904.645   3.59821e+12
907.777   2.98272e+12
910.919   2.43475e+12
914.072   1.95348e+12
917.236   1.53723e+12
920.411   1.18344e+12
923.597   8.88687e+11
926.795   6.48678e+11
930.003   4.58339e+11
933.222   3.11945e+11
936.452   2.03302e+11
939.694   1.25989e+11
942.947   7.3637e+10
946.211   4.02256e+10
949.486   2.037e+10
952.773   9.55053e+09
956.071   4.25145e+09
959.381   1.97904e+09
962.702   1.15501e+09
966.034   9.13751e+08
969.378   8.59847e+08
972.734   8.50792e+08
976.101   8.49005e+08
979.48   8.47957e+08
982.87   8.47007e+08
986.273   8.46126e+08
989.687   8.45313e+08
993.113   8.44568e+08
996.55   8.43891e+08
1000   1.63543e+16
