1   9.06156e+21
1.02334   1.25892e+22
1.04723   8.46306e+21
1.07167   9.44502e+21
1.09668   9.18233e+21
1.12228   6.92967e+21
1.14847   6.94078e+21
1.17528   6.69237e+21
1.20271   5.91867e+21
1.23078   6.68854e+21
1.25951   6.30812e+21
1.2889   6.07101e+21
1.31899   6.5417e+21
1.34977   5.7392e+21
1.38128   6.33332e+21
1.41352   5.44265e+21
1.44651   5.36457e+21
1.48027   4.94477e+21
1.51482   5.08441e+21
1.55018   5.0392e+21
1.58636   4.83786e+21
1.62338   4.72474e+21
1.66127   4.60759e+21
1.70005   4.30497e+21
1.73973   4.20821e+21
1.78033   4.17173e+21
1.82189   3.97987e+21
1.86441   3.72665e+21
1.90792   3.76067e+21
1.95246   3.58409e+21
1.99803   3.44439e+21
2.04466   3.50183e+21
2.09238   3.2573e+21
2.14122   3.21211e+21
2.1912   3.1192e+21
2.24234   3.05256e+21
2.29468   3.0246e+21
2.34823   2.92601e+21
2.40304   2.79395e+21
2.45913   2.63662e+21
2.51653   2.60362e+21
2.57526   2.55489e+21
2.63537   2.46127e+21
2.69688   2.43595e+21
2.75983   2.33898e+21
2.82424   2.285e+21
2.89016   2.20756e+21
2.95762   2.16467e+21
3.02665   2.10828e+21
3.09729   2.04005e+21
3.16958   1.99502e+21
3.24356   1.95311e+21
3.31927   1.87171e+21
3.39674   1.85188e+21
3.47602   1.78813e+21
3.55715   1.74875e+21
3.64017   1.69954e+21
3.72514   1.65137e+21
3.81208   1.61564e+21
3.90106   1.57299e+21
3.99211   1.53533e+21
4.08529   1.50862e+21
4.18064   1.46096e+21
4.27821   1.41972e+21
4.37807   1.38527e+21
4.48025   1.35118e+21
4.58482   1.31611e+21
4.69183   1.27926e+21
4.80134   1.2479e+21
4.91341   1.21074e+21
5.02809   1.18785e+21
5.14544   1.16081e+21
5.26554   1.13095e+21
5.38844   1.10188e+21
5.51421   1.07601e+21
5.64291   1.04906e+21
5.77462   1.0247e+21
5.9094   1.00026e+21
6.04732   9.75267e+20
6.18847   9.52722e+20
6.33291   9.27706e+20
6.48072   9.05642e+20
6.63198   8.85015e+20
6.78677   8.63407e+20
6.94518   8.42424e+20
7.10728   8.23743e+20
7.27317   8.03454e+20
7.44292   7.8494e+20
7.61664   7.6638e+20
7.79442   7.47963e+20
7.97634   7.30558e+20
8.16251   7.1368e+20
8.35302   6.96904e+20
8.54798   6.81049e+20
8.7475   6.64887e+20
8.95166   6.49409e+20
9.1606   6.34491e+20
9.37441   6.20029e+20
9.59321   6.0536e+20
9.81712   5.91804e+20
10.0463   5.78093e+20
10.2807   5.64741e+20
10.5207   5.51823e+20
10.7662   5.3915e+20
11.0175   5.27282e+20
11.2747   5.15174e+20
11.5378   5.03569e+20
11.8071   4.92244e+20
12.0827   4.81198e+20
12.3647   4.70386e+20
12.6533   4.59818e+20
12.9486   4.49547e+20
13.2509   4.39493e+20
13.5602   4.29775e+20
13.8766   4.20134e+20
14.2005   4.10811e+20
14.532   4.01749e+20
14.8712   3.9287e+20
15.2183   3.84196e+20
15.5734   3.75722e+20
15.9369   3.67459e+20
16.3089   3.59453e+20
16.6896   3.51572e+20
17.0791   3.43934e+20
17.4777   3.36416e+20
17.8857   3.29108e+20
18.3031   3.21965e+20
18.7303   3.15015e+20
19.1675   3.08209e+20
19.6149   3.01566e+20
20.0727   2.95102e+20
20.5412   2.88763e+20
21.0206   2.82582e+20
21.5112   2.76548e+20
22.0133   2.70795e+20
22.5271   2.65056e+20
23.0529   2.59466e+20
23.591   2.54007e+20
24.1416   2.48675e+20
24.705   2.43463e+20
25.2817   2.38366e+20
25.8717   2.33405e+20
26.4756   2.28547e+20
27.0935   2.238e+20
27.7259   2.19176e+20
28.373   2.14654e+20
29.0353   2.10235e+20
29.713   2.0592e+20
30.4065   2.01706e+20
31.1162   1.97587e+20
31.8424   1.93567e+20
32.5856   1.89636e+20
33.3462   1.85799e+20
34.1245   1.82051e+20
34.921   1.78389e+20
35.736   1.74812e+20
36.5701   1.71319e+20
37.4237   1.67906e+20
38.2971   1.64571e+20
39.191   1.61312e+20
40.1057   1.5813e+20
41.0418   1.55021e+20
41.9997   1.51983e+20
42.98   1.49016e+20
43.9832   1.46116e+20
45.0098   1.43282e+20
46.0603   1.40514e+20
47.1353   1.37809e+20
48.2355   1.35166e+20
49.3613   1.32583e+20
50.5134   1.30059e+20
51.6924   1.27593e+20
52.8989   1.25183e+20
54.1336   1.22828e+20
55.3971   1.20526e+20
56.6901   1.18276e+20
58.0132   1.16077e+20
59.3673   1.13928e+20
60.7529   1.11827e+20
62.1709   1.09773e+20
63.622   1.07765e+20
65.1069   1.05803e+20
66.6265   1.03884e+20
68.1816   1.02008e+20
69.773   1.00174e+20
71.4015   9.838e+19
73.068   9.66258e+19
74.7735   9.49104e+19
76.5187   9.32328e+19
78.3047   9.15918e+19
80.1323   8.99867e+19
82.0026   8.84164e+19
83.9166   8.68802e+19
85.8752   8.53771e+19
87.8795   8.39064e+19
89.9307   8.24671e+19
92.0297   8.10586e+19
94.1777   7.96799e+19
96.3758   7.83303e+19
98.6252   7.70091e+19
100.927   7.57155e+19
103.283   7.44488e+19
105.693   7.32083e+19
108.16   7.19933e+19
110.685   7.08032e+19
113.268   6.96372e+19
115.912   6.84948e+19
118.617   6.73753e+19
121.386   6.62781e+19
124.219   6.52026e+19
127.118   6.41483e+19
130.085   6.31145e+19
133.122   6.21008e+19
136.229   6.11065e+19
139.408   6.01312e+19
142.662   5.91743e+19
145.992   5.82354e+19
149.399   5.7314e+19
152.886   5.64096e+19
156.455   5.55217e+19
160.106   5.465e+19
163.843   5.3794e+19
167.668   5.29533e+19
171.581   5.21275e+19
175.586   5.13162e+19
179.684   5.05191e+19
183.878   4.97357e+19
188.169   4.89659e+19
192.561   4.82091e+19
197.056   4.74652e+19
201.655   4.67339e+19
206.362   4.60148e+19
211.178   4.53076e+19
216.107   4.46122e+19
221.151   4.39283e+19
226.313   4.32557e+19
231.595   4.2594e+19
237.001   4.19433e+19
242.532   4.13031e+19
248.193   4.06734e+19
253.986   4.0054e+19
259.914   3.94446e+19
265.98   3.88452e+19
272.188   3.82556e+19
278.541   3.76756e+19
285.043   3.71052e+19
291.696   3.6544e+19
298.504   3.59921e+19
305.471   3.54493e+19
312.601   3.49155e+19
319.897   3.43904e+19
327.363   3.38741e+19
335.004   3.33663e+19
342.823   3.28669e+19
350.825   3.23758e+19
359.013   3.18929e+19
367.392   3.1418e+19
375.967   3.09509e+19
384.743   3.04916e+19
393.723   3.00399e+19
402.912   2.95955e+19
412.316   2.91585e+19
421.94   2.87286e+19
431.788   2.83056e+19
441.866   2.78893e+19
452.179   2.74797e+19
462.733   2.70766e+19
473.533   2.66797e+19
484.586   2.62889e+19
495.896   2.5904e+19
507.471   2.55249e+19
519.315   2.51514e+19
531.436   2.47833e+19
543.84   2.44204e+19
556.533   2.40626e+19
569.523   2.37096e+19
582.815   2.33614e+19
596.418   2.30177e+19
610.339   2.26785e+19
624.584   2.23434e+19
639.162   2.20124e+19
654.081   2.16854e+19
669.347   2.13622e+19
684.97   2.10425e+19
700.957   2.07264e+19
717.317   2.04137e+19
734.06   2.01041e+19
751.193   1.97977e+19
768.726   1.94943e+19
786.668   1.91938e+19
805.029   1.8896e+19
823.819   1.86009e+19
843.047   1.83084e+19
862.724   1.80184e+19
882.86   1.77307e+19
903.466   1.74454e+19
924.553   1.71623e+19
946.132   1.68813e+19
968.215   1.66024e+19
990.814   1.63256e+19
1013.94   1.60507e+19
1037.61   1.57777e+19
1061.82   1.55066e+19
1086.61   1.52372e+19
1111.97   1.49696e+19
1137.92   1.47036e+19
1164.48   1.44394e+19
1191.66   1.41767e+19
1219.47   1.39156e+19
1247.94   1.3656e+19
1277.06   1.3398e+19
1306.87   1.31414e+19
1337.37   1.28862e+19
1368.59   1.26324e+19
1400.53   1.23799e+19
1433.22   1.21288e+19
1466.67   1.1879e+19
1500.9   1.16305e+19
1535.93   1.13832e+19
1571.78   1.11372e+19
1608.47   1.08924e+19
1646.01   1.06487e+19
1684.43   1.04063e+19
1723.74   1.01649e+19
1763.98   9.92476e+18
1805.15   9.68571e+18
1847.28   9.4478e+18
1890.4   9.211e+18
1934.52   8.97534e+18
1979.67   8.74082e+18
2025.88   8.50745e+18
2073.16   8.27525e+18
2121.55   8.04425e+18
2171.07   7.81448e+18
2221.74   7.58598e+18
2273.6   7.35881e+18
2326.66   7.13301e+18
2380.97   6.90866e+18
2436.54   6.68584e+18
2493.41   6.46462e+18
2551.61   6.24512e+18
2611.16   6.02743e+18
2672.11   5.81168e+18
2734.47   5.59799e+18
2798.3   5.38651e+18
2863.61   5.17739e+18
2930.45   4.97079e+18
2998.84   4.76688e+18
3068.84   4.56584e+18
3140.47   4.36786e+18
3213.76   4.17314e+18
3288.77   3.98188e+18
3365.53   3.79429e+18
3444.09   3.61059e+18
3524.47   3.43099e+18
3606.73   3.25573e+18
3690.92   3.08501e+18
3777.06   2.91908e+18
3865.22   2.75814e+18
3955.44   2.60244e+18
4047.76   2.45218e+18
4142.23   2.30758e+18
4238.91   2.16885e+18
4337.85   2.03618e+18
4439.1   1.90971e+18
4542.71   1.78989e+18
4648.73   1.67723e+18
4757.24   1.57174e+18
4868.27   1.47365e+18
4981.9   1.38319e+18
5098.18   1.30058e+18
5217.17   1.22604e+18
5338.94   1.15975e+18
5463.55   1.10186e+18
5591.07   1.05252e+18
5721.57   1.01179e+18
5855.11   9.79675e+17
5991.77   9.56118e+17
6131.62   9.40953e+17
6274.73   9.33909e+17
6421.19   9.34588e+17
6571.06   9.42453e+17
6724.43   9.56823e+17
6881.38   9.76863e+17
7041.99   1.00159e+18
7206.35   1.02988e+18
7374.55   1.06049e+18
7546.67   1.0921e+18
7722.81   1.12333e+18
7903.07   1.15282e+18
8087.52   1.17924e+18
8276.29   1.20142e+18
8469.46   1.21834e+18
8667.14   1.22924e+18
8869.43   1.23364e+18
9076.45   1.23136e+18
9288.29   1.22257e+18
9505.08   1.20773e+18
9726.93   1.18754e+18
9953.96   1.16293e+18
10186.3   1.13493e+18
10424   1.10459e+18
10667.3   1.07293e+18
10916.3   1.04084e+18
11171.1   1.00906e+18
11431.8   9.78291e+17
11698.7   9.48354e+17
11971.7   9.19982e+17
12251.1   8.93147e+17
12537.1   8.67863e+17
12829.7   8.44435e+17
13129.1   8.2278e+17
13435.6   8.02873e+17
13749.2   7.84802e+17
14070.1   7.68482e+17
14398.5   7.53854e+17
14734.5   7.40936e+17
15078.5   7.29629e+17
15430.4   7.19882e+17
15790.5   7.11832e+17
16159.1   7.05129e+17
16536.2   6.99776e+17
16922.2   6.95651e+17
17317.2   6.92688e+17
17721.4   6.90804e+17
18135   6.8987e+17
18558.3   6.89907e+17
18991.4   6.90775e+17
19434.7   6.92385e+17
19888.3   6.9469e+17
20352.5   6.97644e+17
20827.5   7.01113e+17
21313.6   7.05032e+17
21811.1   7.09357e+17
22320.2   7.14044e+17
22841.1   7.18879e+17
23374.2   7.24052e+17
23919.8   7.2922e+17
24478.1   7.34545e+17
25049.4   7.39866e+17
25634.1   7.4504e+17
26232.4   7.50135e+17
26844.6   7.55046e+17
27471.2   7.59737e+17
28112.4   7.64125e+17
28768.5   7.68118e+17
29440   7.71947e+17
30127.1   7.75259e+17
30830.3   7.78054e+17
31549.9   7.80398e+17
32286.3   7.82301e+17
33039.9   7.83534e+17
33811   7.84294e+17
34600.2   7.84309e+17
35407.7   7.83785e+17
36234.2   7.8257e+17
37079.9   7.80605e+17
37945.3   7.77926e+17
38831   7.74541e+17
39737.3   7.70486e+17
40664.8   7.6546e+17
41613.9   7.59726e+17
42585.2   7.5319e+17
43579.1   7.45796e+17
44596.3   7.3758e+17
45637.2   7.28381e+17
46702.3   7.18434e+17
47792.4   7.07469e+17
48907.9   6.95532e+17
50049.4   6.82589e+17
51217.6   6.68685e+17
52413   6.53867e+17
53636.3   6.37816e+17
54888.2   6.20597e+17
56169.3   6.02146e+17
57480.3   5.82489e+17
58821.9   5.61372e+17
60194.8   5.38917e+17
61599.8   5.15101e+17
63037.5   4.89458e+17
64508.8   4.62214e+17
66014.5   4.33135e+17
67555.3   4.02314e+17
69132   3.69606e+17
70745.6   3.35003e+17
72396.8   2.98557e+17
74086.6   2.60597e+17
75815.8   2.21388e+17
77585.3   1.81578e+17
79396.2   1.42147e+17
81249.3   1.04406e+17
83145.7   7.0114e+16
85086.3   4.13194e+16
87072.2   1.99367e+16
89104.5   6.94174e+15
91184.3   1.35154e+15
93312.5   8.06065e+13
95490.4   2.34903e+11
97719.2   2.03603e+08
100000   0
