1   2.61122e+30
1.05956   2.46167e+30
1.12267   2.32219e+30
1.18953   2.19208e+30
1.26038   2.07068e+30
1.33545   1.95739e+30
1.41499   1.85162e+30
1.49927   1.75284e+30
1.58857   1.66054e+30
1.68318   1.57425e+30
1.78343   1.49355e+30
1.88965   1.41801e+30
2.0022   1.34727e+30
2.12145   1.28098e+30
2.24781   1.21882e+30
2.38169   1.16047e+30
2.52354   1.10567e+30
2.67384   1.05417e+30
2.8331   1.00571e+30
3.00184   9.60092e+29
3.18063   9.17103e+29
3.37006   8.76557e+29
3.57079   8.38284e+29
3.78346   8.02122e+29
4.00881   7.67925e+29
4.24757   7.35556e+29
4.50056   7.04891e+29
4.76861   6.75813e+29
5.05263   6.48215e+29
5.35357   6.21999e+29
5.67243   5.97072e+29
6.01028   5.73351e+29
6.36825   5.50758e+29
6.74754   5.29221e+29
7.14943   5.08673e+29
7.57525   4.89054e+29
8.02643   4.70305e+29
8.50449   4.52376e+29
9.01102   4.35217e+29
9.54772   4.18785e+29
10.1164   4.03038e+29
10.7189   3.87937e+29
11.3573   3.73449e+29
12.0338   3.59541e+29
12.7505   3.46183e+29
13.5099   3.33347e+29
14.3146   3.21009e+29
15.1672   3.09146e+29
16.0705   2.97736e+29
17.0277   2.8676e+29
18.0419   2.76199e+29
19.1164   2.66037e+29
20.255   2.56259e+29
21.4614   2.46851e+29
22.7397   2.378e+29
24.094   2.29094e+29
25.5291   2.20722e+29
27.0496   2.12673e+29
28.6607   2.04939e+29
30.3677   1.9751e+29
32.1764   1.90378e+29
34.0929   1.83534e+29
36.1234   1.76972e+29
38.2749   1.70682e+29
40.5546   1.64659e+29
42.97   1.58895e+29
45.5294   1.53382e+29
48.2411   1.48114e+29
51.1143   1.43083e+29
54.1587   1.38282e+29
57.3844   1.33704e+29
60.8022   1.29341e+29
64.4236   1.25185e+29
68.2607   1.21227e+29
72.3263   1.17461e+29
76.6341   1.13877e+29
81.1984   1.10467e+29
86.0346   1.07222e+29
91.1589   1.04133e+29
96.5883   1.01191e+29
102.341   9.83883e+28
108.437   9.57144e+28
114.895   9.3161e+28
121.738   9.07191e+28
128.989   8.83801e+28
136.672   8.61355e+28
144.812   8.39771e+28
153.437   8.18969e+28
162.576   7.98875e+28
172.259   7.79418e+28
182.518   7.60529e+28
193.389   7.42146e+28
204.907   7.24212e+28
217.112   7.06674e+28
230.043   6.89484e+28
243.744   6.726e+28
258.262   6.55985e+28
273.644   6.39606e+28
289.942   6.23435e+28
307.211   6.07449e+28
325.509   5.91628e+28
344.896   5.75957e+28
365.438   5.60423e+28
387.204   5.45015e+28
410.266   5.29726e+28
434.701   5.14549e+28
460.592   4.99477e+28
488.025   4.84503e+28
517.092   4.6962e+28
547.89   4.54819e+28
580.523   4.40087e+28
615.099   4.25407e+28
651.734   4.10761e+28
690.551   3.96123e+28
731.681   3.81463e+28
775.26   3.66744e+28
821.434   3.51926e+28
870.359   3.36964e+28
922.198   3.21809e+28
977.124   3.06414e+28
1035.32   2.90734e+28
1096.99   2.74733e+28
1162.32   2.58389e+28
1231.55   2.41701e+28
1304.9   2.24695e+28
1382.62   2.07429e+28
1464.97   1.89998e+28
1552.23   1.72536e+28
1644.68   1.55211e+28
1742.63   1.38222e+28
1846.42   1.21779e+28
1956.4   1.06098e+28
2072.92   9.1376e+27
2196.39   7.77819e+27
2327.2   6.54399e+27
2465.81   5.44238e+27
2612.68   4.47552e+27
2768.29   3.64067e+27
2933.17   2.93099e+27
3107.87   2.33656e+27
3292.97   1.84549e+27
3489.1   1.44495e+27
3696.91   1.12209e+27
3917.1   8.64596e+26
4150.4   6.61241e+26
4397.6   5.02057e+26
4659.53   3.7845e+26
4937.05   2.83172e+26
5231.1   2.10227e+26
5542.66   1.54729e+26
5872.79   1.12755e+26
6222.57   8.11883e+25
6593.19   5.75787e+25
6985.88   1.33684e+25
7401.96   4.72562e+24
7842.82   1.60893e+24
8309.94   5.58723e+23
8804.88   2.02309e+23
9329.3   7.68808e+22
9884.96   3.06816e+22
10473.7   1.28397e+22
11097.5   5.62197e+21
11758.5   2.56941e+21
12458.8   1.22276e+21
13200.9   6.04495e+20
13987.1   3.09748e+20
14820.2   1.64154e+20
15702.9   8.97919e+19
16638.2   5.05958e+19
17629.1   2.93139e+19
18679.1   1.74318e+19
19791.7   1.06213e+19
20970.5   6.62025e+18
22219.5   4.21443e+18
23542.9   2.73594e+18
24945.1   1.80852e+18
26430.8   1.21548e+18
28005   8.29352e+17
29673   5.73655e+17
31440.4   4.01626e+17
33312.9   2.84158e+17
35297.1   2.02827e+17
37399.4   1.45785e+17
39626.9   1.05295e+17
41987.1   7.62346e+16
44487.8   5.5167e+16
47137.5   3.97573e+16
49945.1   2.84018e+16
52919.8   1.9989e+16
56071.7   1.37427e+16
59411.3   9.11837e+15
62949.9   5.73401e+15
66699.2   3.32154e+15
70671.8   1.69005e+15
74881   6.92853e+14
79341   1.91818e+14
84066.5   2.32166e+13
89073.5   2.22502e+12
94378.8   1.32166e+12
100000   7.00097e+17
