1   3.09603e+25
1.01395   3.05298e+25
1.0279   3.01101e+25
1.04186   2.97008e+25
1.05581   2.93014e+25
1.06976   2.89115e+25
1.08371   2.85308e+25
1.09766   2.81589e+25
1.11162   2.77955e+25
1.12557   2.74403e+25
1.13952   2.70929e+25
1.15347   2.6753e+25
1.16742   2.64205e+25
1.18137   2.6095e+25
1.19533   2.57762e+25
1.20928   2.5464e+25
1.22323   2.51581e+25
1.23718   2.48583e+25
1.25113   2.45643e+25
1.26509   2.4276e+25
1.27904   2.39932e+25
1.29299   2.37157e+25
1.30694   2.34433e+25
1.32089   2.31758e+25
1.33485   2.29131e+25
1.3488   2.2655e+25
1.36275   2.24014e+25
1.3767   2.21522e+25
1.39065   2.19071e+25
1.4046   2.16661e+25
1.41856   2.14291e+25
1.43251   2.11958e+25
1.44646   2.09663e+25
1.46041   2.07353e+25
1.47436   2.04156e+25
1.48832   2.01027e+25
1.50227   1.97964e+25
1.51622   1.94965e+25
1.53017   1.92027e+25
1.54412   1.8915e+25
1.55808   1.8633e+25
1.57203   1.83567e+25
1.58598   1.80858e+25
1.59993   1.78201e+25
1.61388   1.75596e+25
1.62783   1.73041e+25
1.64179   1.70534e+25
1.65574   1.68074e+25
1.66969   1.6566e+25
1.68364   1.63289e+25
1.69759   1.60962e+25
1.71155   1.58677e+25
1.7255   1.56432e+25
1.73945   1.54226e+25
1.7534   1.5206e+25
1.76735   1.4993e+25
1.78131   1.47837e+25
1.79526   1.4578e+25
1.80921   1.43757e+25
1.82316   1.41768e+25
1.83711   1.39811e+25
1.85106   1.37887e+25
1.86502   1.35994e+25
1.87897   1.34131e+25
1.89292   1.32298e+25
1.90687   1.30494e+25
1.92082   1.28719e+25
1.93478   1.26971e+25
1.94873   1.2525e+25
1.96268   1.23556e+25
1.97663   1.21887e+25
1.99058   1.20244e+25
2.00454   1.18625e+25
2.01849   1.1703e+25
2.03244   1.1546e+25
2.04639   1.13912e+25
2.06034   1.12387e+25
2.07429   1.10884e+25
2.08825   1.09402e+25
2.1022   1.07942e+25
2.11615   1.06503e+25
2.1301   1.05085e+25
2.14405   1.03686e+25
2.15801   1.02307e+25
2.17196   1.00948e+25
2.18591   9.96068e+24
2.19986   9.82846e+24
2.21381   9.69806e+24
2.22777   9.56946e+24
2.24172   9.44261e+24
2.25567   9.31749e+24
2.26962   9.19406e+24
2.28357   9.07231e+24
2.29752   8.95219e+24
2.31148   8.83368e+24
2.32543   8.71676e+24
2.33938   8.60139e+24
2.35333   8.48756e+24
2.36728   8.37524e+24
2.38124   8.2644e+24
2.39519   8.15502e+24
2.40914   8.04709e+24
2.42309   7.94056e+24
2.43704   7.83544e+24
2.451   7.73169e+24
2.46495   7.62929e+24
2.4789   7.52822e+24
2.49285   7.42847e+24
2.5068   7.33002e+24
2.52075   7.23284e+24
2.53471   7.13692e+24
2.54866   7.04224e+24
2.56261   6.94879e+24
2.57656   6.85654e+24
2.59051   6.76548e+24
2.60447   6.6756e+24
2.61842   6.58688e+24
2.63237   6.4993e+24
2.64632   6.41285e+24
2.66027   6.32752e+24
2.67423   6.24328e+24
2.68818   6.16013e+24
2.70213   6.07805e+24
2.71608   5.99703e+24
2.73003   5.91705e+24
2.74398   5.8381e+24
2.75794   5.76017e+24
2.77189   5.68325e+24
2.78584   5.60731e+24
2.79979   5.53236e+24
2.81374   5.45838e+24
2.8277   5.38536e+24
2.84165   5.31328e+24
2.8556   5.24213e+24
2.86955   5.1719e+24
2.8835   5.10259e+24
2.89746   5.03418e+24
2.91141   4.96665e+24
2.92536   4.90001e+24
2.93931   4.83423e+24
2.95326   4.76931e+24
2.96721   4.70524e+24
2.98117   4.642e+24
2.99512   4.5796e+24
3.00907   4.51801e+24
3.02302   4.45722e+24
3.03697   4.39724e+24
3.05093   4.33805e+24
3.06488   4.27963e+24
3.07883   4.22198e+24
3.09278   4.1651e+24
3.10673   4.10897e+24
3.12069   4.05358e+24
3.13464   3.99892e+24
3.14859   3.94499e+24
3.16254   3.89178e+24
3.17649   3.83927e+24
3.19044   3.78747e+24
3.2044   3.73635e+24
3.21835   3.68592e+24
3.2323   3.63617e+24
3.24625   3.58708e+24
3.2602   3.53865e+24
3.27416   3.49087e+24
3.28811   3.44373e+24
3.30206   3.39723e+24
3.31601   3.35135e+24
3.32996   3.30609e+24
3.34392   3.26145e+24
3.35787   3.21741e+24
3.37182   3.17397e+24
3.38577   3.13112e+24
3.39972   3.08885e+24
3.41367   3.04715e+24
3.42763   3.00602e+24
3.44158   2.96546e+24
3.45553   2.92545e+24
3.46948   2.88598e+24
3.48343   2.84706e+24
3.49739   2.80867e+24
3.51134   2.7708e+24
3.52529   2.73346e+24
3.53924   2.69663e+24
3.55319   2.6603e+24
3.56715   2.62448e+24
3.5811   2.58915e+24
3.59505   2.55431e+24
3.609   2.51995e+24
3.62295   2.48607e+24
3.63691   2.45265e+24
3.65086   2.4197e+24
3.66481   2.3872e+24
3.67876   2.35516e+24
3.69271   2.32356e+24
3.70666   2.2924e+24
3.72062   2.26167e+24
3.73457   2.23137e+24
3.74852   2.2015e+24
3.76247   2.17204e+24
3.77642   2.14299e+24
3.79038   2.11435e+24
3.80433   2.0861e+24
3.81828   2.05825e+24
3.83223   2.0308e+24
3.84618   2.00372e+24
3.86014   1.97703e+24
3.87409   1.9507e+24
3.88804   1.92475e+24
3.90199   1.89916e+24
3.91594   1.87393e+24
3.92989   1.84906e+24
3.94385   1.82453e+24
3.9578   1.80035e+24
3.97175   1.77651e+24
3.9857   1.753e+24
3.99965   1.72983e+24
4.01361   1.70698e+24
4.02756   1.68445e+24
4.04151   1.66223e+24
4.05546   1.64033e+24
4.06941   1.61874e+24
4.08337   1.59746e+24
4.09732   1.57647e+24
4.11127   1.55578e+24
4.12522   1.53537e+24
4.13917   1.51526e+24
4.15312   1.49543e+24
4.16708   1.47588e+24
4.18103   1.4566e+24
4.19498   1.4376e+24
4.20893   1.41886e+24
4.22288   1.40039e+24
4.23684   1.38217e+24
4.25079   1.36422e+24
4.26474   1.34651e+24
4.27869   1.32906e+24
4.29264   1.31185e+24
4.3066   1.29488e+24
4.32055   1.27815e+24
4.3345   1.26166e+24
4.34845   1.2454e+24
4.3624   1.22936e+24
4.37635   1.21356e+24
4.39031   1.19797e+24
4.40426   1.1826e+24
4.41821   1.16745e+24
4.43216   1.15251e+24
4.44611   1.13778e+24
4.46007   1.12326e+24
4.47402   1.10894e+24
4.48797   1.09482e+24
4.50192   1.0809e+24
4.51587   1.06717e+24
4.52983   1.05363e+24
4.54378   1.04029e+24
4.55773   1.02713e+24
4.57168   1.01415e+24
4.58563   1.00136e+24
4.59958   9.8874e+23
4.61354   9.763e+23
4.62749   9.64032e+23
4.64144   9.51935e+23
4.65539   9.40007e+23
4.66934   9.28244e+23
4.6833   9.16645e+23
4.69725   9.05206e+23
4.7112   8.93927e+23
4.72515   8.82803e+23
4.7391   8.71834e+23
4.75306   8.61016e+23
4.76701   8.50348e+23
4.78096   8.39828e+23
4.79491   8.29452e+23
4.80886   8.1922e+23
4.82281   8.09129e+23
4.83677   7.99177e+23
4.85072   7.89361e+23
4.86467   7.79681e+23
4.87862   7.70134e+23
4.89257   7.60717e+23
4.90653   7.5143e+23
4.92048   7.4227e+23
4.93443   7.33235e+23
4.94838   7.24324e+23
4.96233   7.15534e+23
4.97629   7.06865e+23
4.99024   6.98314e+23
5.00419   6.89879e+23
5.01814   6.81559e+23
5.03209   6.73352e+23
5.04604   6.65256e+23
5.06   6.57271e+23
5.07395   6.49393e+23
5.0879   6.41622e+23
5.10185   6.33957e+23
5.1158   6.26394e+23
5.12976   6.18934e+23
5.14371   6.11575e+23
5.15766   6.04314e+23
5.17161   5.97151e+23
5.18556   5.90084e+23
5.19952   5.83113e+23
5.21347   5.76234e+23
5.22742   5.69448e+23
5.24137   5.62753e+23
5.25532   5.56146e+23
5.26927   5.49629e+23
5.28323   5.43197e+23
5.29718   5.36852e+23
5.31113   0
5.32508   0
5.33903   0
5.35299   0
5.36694   0
5.38089   0
5.39484   0
5.40879   0
5.42275   0
5.4367   0
5.45065   0
5.4646   0
5.47855   0
5.4925   0
5.50646   0
5.52041   0
5.53436   0
5.54831   0
5.56226   0
5.57622   0
5.59017   0
5.60412   0
5.61807   0
5.63202   0
5.64598   0
5.65993   0
5.67388   0
5.68783   0
5.70178   0
5.71573   0
5.72969   0
5.74364   0
5.75759   0
5.77154   0
5.78549   0
5.79945   0
5.8134   0
5.82735   0
5.8413   0
5.85525   0
5.86921   0
5.88316   0
5.89711   0
5.91106   0
5.92501   0
5.93896   0
5.95292   0
5.96687   0
5.98082   0
5.99477   0
6.00872   0
6.02268   0
6.03663   0
6.05058   0
6.06453   0
6.07848   0
6.09244   0
6.10639   0
6.12034   0
6.13429   0
6.14824   0
6.1622   0
6.17615   0
6.1901   0
6.20405   0
6.218   0
6.23195   0
6.24591   0
6.25986   0
6.27381   0
6.28776   0
6.30171   0
6.31567   0
6.32962   0
6.34357   0
6.35752   0
6.37147   0
6.38543   0
6.39938   0
6.41333   0
6.42728   0
6.44123   0
6.45518   0
6.46914   0
6.48309   0
6.49704   0
6.51099   0
6.52494   0
6.5389   0
6.55285   0
6.5668   0
6.58075   0
6.5947   0
6.60866   0
6.62261   0
6.63656   0
6.65051   0
6.66446   0
6.67841   0
6.69237   0
6.70632   0
6.72027   0
6.73422   0
6.74817   0
6.76213   0
6.77608   0
6.79003   0
6.80398   0
6.81793   0
6.83189   0
6.84584   0
6.85979   0
6.87374   0
6.88769   0
6.90164   0
6.9156   0
6.92955   0
6.9435   0
6.95745   0
6.9714   0
6.98536   0
6.99931   0
7.01326   0
7.02721   0
7.04116   0
7.05512   0
7.06907   0
7.08302   0
7.09697   0
7.11092   0
7.12487   0
7.13883   0
7.15278   0
7.16673   0
7.18068   0
7.19463   0
7.20859   0
7.22254   0
7.23649   0
7.25044   0
7.26439   0
7.27835   0
7.2923   0
7.30625   0
7.3202   0
7.33415   0
7.3481   0
7.36206   0
7.37601   0
7.38996   0
7.40391   0
7.41786   0
7.43182   0
7.44577   0
7.45972   0
7.47367   0
7.48762   0
7.50158   0
7.51553   0
7.52948   0
7.54343   0
7.55738   0
7.57133   0
7.58529   0
7.59924   0
7.61319   0
7.62714   0
7.64109   0
7.65505   0
7.669   0
7.68295   0
7.6969   0
7.71085   0
7.72481   0
7.73876   0
7.75271   0
7.76666   0
7.78061   0
7.79456   0
7.80852   0
7.82247   0
7.83642   0
7.85037   0
7.86432   0
7.87828   0
7.89223   0
7.90618   0
7.92013   0
7.93408   0
7.94804   0
7.96199   0
