1   7.00866e+19
1.05956   6.13232e+19
1.12267   5.38343e+19
1.18953   4.74256e+19
1.26038   4.19381e+19
1.33545   3.71733e+19
1.41499   3.30453e+19
1.49927   2.94527e+19
1.58857   2.63319e+19
1.68318   2.35803e+19
1.78343   2.11627e+19
1.88965   1.90315e+19
2.0022   1.71644e+19
2.12145   1.54918e+19
2.24781   1.40094e+19
2.38169   1.26903e+19
2.52354   1.15139e+19
2.67384   1.04628e+19
2.8331   9.53191e+18
3.00184   8.68836e+18
3.18063   7.93137e+18
3.37006   7.25066e+18
3.57079   6.63765e+18
3.78346   6.08484e+18
4.00881   5.58567e+18
4.24757   5.14128e+18
4.50056   4.73219e+18
4.76861   4.36248e+18
5.05263   4.02708e+18
5.35357   3.72238e+18
5.67243   3.44527e+18
6.01028   3.19293e+18
6.36825   2.96288e+18
6.74754   2.75291e+18
7.14943   2.56103e+18
7.57525   2.38546e+18
8.02643   2.2246e+18
8.50449   2.07703e+18
9.01102   1.9444e+18
9.54772   1.82022e+18
10.1164   1.70581e+18
10.7189   1.60023e+18
11.3573   1.50263e+18
12.0338   1.41229e+18
12.7505   1.32852e+18
13.5099   1.25073e+18
14.3146   1.17837e+18
15.1672   1.11095e+18
16.0705   1.04802e+18
17.0277   9.89202e+17
18.0419   9.34137e+17
19.1164   8.82511e+17
20.255   8.34042e+17
21.4614   7.88481e+17
22.7397   7.45603e+17
24.094   7.05204e+17
25.5291   6.67102e+17
27.0496   6.31128e+17
28.6607   5.97128e+17
30.3677   5.64954e+17
32.1764   5.3447e+17
34.0929   5.05544e+17
36.1234   4.78046e+17
38.2749   4.51855e+17
40.5546   4.26849e+17
42.97   4.02912e+17
45.5294   3.79932e+17
48.2411   3.57799e+17
51.1143   3.36412e+17
54.1587   3.15671e+17
57.3844   2.95489e+17
60.8022   2.75785e+17
64.4236   2.5649e+17
68.2607   2.37552e+17
72.3263   2.18932e+17
76.6341   2.00618e+17
81.1984   1.82617e+17
86.0346   1.64969e+17
91.1589   1.4774e+17
96.5883   1.31027e+17
102.341   1.14952e+17
108.437   9.96577e+16
114.895   8.52929e+16
121.738   7.20027e+16
128.989   5.99124e+16
136.672   4.91141e+16
144.812   3.9657e+16
153.437   3.15416e+16
162.576   2.47258e+16
172.259   1.91262e+16
182.518   1.4632e+16
193.389   1.11161e+16
204.907   8.447e+15
217.112   6.49626e+15
230.043   5.14255e+15
243.744   4.27177e+15
258.262   3.77452e+15
273.644   3.54471e+15
289.942   3.48053e+15
307.211   3.49087e+15
325.509   3.50582e+15
344.896   3.48642e+15
365.438   3.42649e+15
387.204   3.34198e+15
410.266   3.25272e+15
434.701   3.16985e+15
460.592   3.09204e+15
488.025   3.01978e+15
517.092   2.95247e+15
547.89   2.88626e+15
580.523   2.82123e+15
615.099   2.75493e+15
651.734   2.6869e+15
690.551   2.61698e+15
731.681   2.54528e+15
775.26   2.47191e+15
821.434   2.39709e+15
870.359   2.32085e+15
922.198   2.24379e+15
977.124   2.1658e+15
1035.32   2.08747e+15
1096.99   2.00899e+15
1162.32   1.93071e+15
1231.55   1.85282e+15
1304.9   1.77575e+15
1382.62   1.69971e+15
1464.97   1.62482e+15
1552.23   1.55118e+15
1644.68   1.47979e+15
1742.63   1.40992e+15
1846.42   1.34178e+15
1956.4   1.27618e+15
2072.92   1.21242e+15
2196.39   1.15111e+15
2327.2   1.09203e+15
2465.81   1.03519e+15
2612.68   9.80811e+14
2768.29   9.28635e+14
2933.17   8.78859e+14
3107.87   8.31318e+14
3292.97   7.85936e+14
3489.1   7.42748e+14
3696.91   7.01912e+14
3917.1   6.63062e+14
4150.4   6.26027e+14
4397.6   5.91091e+14
4659.53   5.57939e+14
4937.05   5.26556e+14
5231.1   4.96925e+14
5542.66   4.68915e+14
5872.79   4.42467e+14
6222.57   4.1748e+14
6593.19   3.93909e+14
6985.88   3.71685e+14
7401.96   3.50789e+14
7842.82   3.31069e+14
8309.94   3.12511e+14
8804.88   2.95011e+14
9329.3   2.78593e+14
9884.96   2.63123e+14
10473.7   2.48574e+14
11097.5   2.34895e+14
11758.5   2.22052e+14
12458.8   2.09979e+14
13200.9   1.98637e+14
13987.1   1.87978e+14
14820.2   1.7798e+14
15702.9   1.68592e+14
16638.2   1.59776e+14
17629.1   1.51524e+14
18679.1   1.43784e+14
19791.7   1.36537e+14
20970.5   1.29757e+14
22219.5   1.23425e+14
23542.9   1.17521e+14
24945.1   1.1203e+14
26430.8   1.06933e+14
28005   1.02226e+14
29673   9.78883e+13
31440.4   9.3932e+13
33312.9   9.03353e+13
35297.1   8.70995e+13
37399.4   8.42275e+13
39626.9   8.17151e+13
41987.1   7.95569e+13
44487.8   7.77415e+13
47137.5   7.62454e+13
49945.1   7.5034e+13
52919.8   7.40465e+13
56071.7   7.32196e+13
59411.3   7.24078e+13
62949.9   7.14447e+13
66699.2   7.0099e+13
70671.8   6.80963e+13
74881   6.51556e+13
79341   6.10914e+13
84066.5   5.6006e+13
89073.5   5.09779e+13
94378.8   6.04436e+13
100000   0
