1   6.07297e+32
33.8589   2.69776e+31
66.7177   1.36862e+31
99.5766   8.71187e+30
132.435   6.15292e+30
165.294   4.62498e+30
198.153   3.62624e+30
231.012   2.93155e+30
263.871   2.42566e+30
296.73   2.04393e+30
329.589   1.74756e+30
362.447   1.51203e+30
395.306   1.32114e+30
428.165   1.16385e+30
461.024   1.03236e+30
493.883   9.2108e+29
526.742   8.25873e+29
559.6   7.43645e+29
592.459   6.72032e+29
625.318   6.09205e+29
658.177   5.53729e+29
691.036   5.04468e+29
723.895   4.60506e+29
756.754   4.21103e+29
789.612   3.85652e+29
822.471   3.53651e+29
855.33   3.24682e+29
888.189   2.98392e+29
921.048   2.74482e+29
953.907   2.52698e+29
986.766   2.32819e+29
1019.62   2.14653e+29
1052.48   1.98034e+29
1085.34   1.82815e+29
1118.2   1.68866e+29
1151.06   1.56071e+29
1183.92   1.44327e+29
1216.78   1.32561e+29
1249.64   1.21099e+29
1282.5   1.10727e+29
1315.35   1.01334e+29
1348.21   9.28184e+28
1381.07   8.50924e+28
1413.93   7.80767e+28
1446.79   7.17008e+28
1479.65   6.59015e+28
1512.51   6.06225e+28
1545.37   5.58135e+28
1578.22   5.1429e+28
1611.08   4.74287e+28
1643.94   4.37759e+28
1676.8   4.04379e+28
1709.66   3.73853e+28
1742.52   3.45914e+28
1775.38   3.20325e+28
1808.24   2.96868e+28
1841.1   2.75351e+28
1873.95   2.55597e+28
1906.81   2.37448e+28
1939.67   2.20761e+28
1972.53   2.05406e+28
2005.39   1.91266e+28
2038.25   1.78236e+28
2071.11   1.66218e+28
2103.97   1.55126e+28
2136.83   1.44881e+28
2169.68   1.35411e+28
2202.54   1.26651e+28
2235.4   1.18541e+28
2268.26   1.11029e+28
2301.12   1.04064e+28
2333.98   9.76033e+27
2366.84   9.16048e+27
2399.7   8.60319e+27
2432.56   8.08508e+27
2465.41   7.60306e+27
2498.27   7.15431e+27
2531.13   6.73625e+27
2563.99   6.34652e+27
2596.85   5.98296e+27
2629.71   5.64359e+27
2662.57   5.3266e+27
2695.43   5.03032e+27
2728.28   4.75322e+27
2761.14   4.49391e+27
2794   4.25108e+27
2826.86   4.02356e+27
2859.72   3.81025e+27
2892.58   3.61015e+27
2925.44   3.42233e+27
2958.3   3.24593e+27
2991.16   3.08017e+27
3024.01   2.92431e+27
3056.87   2.77769e+27
3089.73   2.63968e+27
3122.59   2.50971e+27
3155.45   2.38724e+27
3188.31   2.27178e+27
3221.17   2.16288e+27
3254.03   2.06011e+27
3286.89   1.96307e+27
3319.74   1.87141e+27
3352.6   1.78477e+27
3385.46   1.70285e+27
3418.32   1.62536e+27
3451.18   1.55201e+27
3484.04   1.48257e+27
3516.9   1.41678e+27
3549.76   1.35443e+27
3582.61   1.29531e+27
3615.47   1.23924e+27
3648.33   1.18602e+27
3681.19   1.1355e+27
3714.05   1.08752e+27
3746.91   1.04194e+27
3779.77   9.98605e+26
3812.63   9.574e+26
3845.49   9.18204e+26
3878.34   8.80903e+26
3911.2   8.45392e+26
3944.06   8.11573e+26
3976.92   7.79353e+26
4009.78   7.48646e+26
4042.64   7.19369e+26
4075.5   6.91447e+26
4108.36   6.64806e+26
4141.22   6.39381e+26
4174.07   6.15106e+26
4206.93   5.91922e+26
4239.79   5.69772e+26
4272.65   5.48604e+26
4305.51   5.28368e+26
4338.37   5.09015e+26
4371.23   0
4404.09   0
4436.94   0
4469.8   0
4502.66   0
4535.52   0
4568.38   0
4601.24   0
4634.1   0
4666.96   0
4699.82   0
4732.67   0
4765.53   0
4798.39   0
4831.25   0
4864.11   0
4896.97   0
4929.83   0
4962.69   0
4995.55   0
5028.4   0
5061.26   0
5094.12   0
5126.98   0
5159.84   0
5192.7   0
5225.56   0
5258.42   0
5291.28   0
5324.13   0
5356.99   0
5389.85   0
5422.71   0
5455.57   0
5488.43   0
5521.29   0
5554.15   0
5587   0
5619.86   0
5652.72   0
5685.58   0
5718.44   0
5751.3   0
5784.16   0
5817.02   0
5849.88   0
5882.73   0
5915.59   0
5948.45   0
5981.31   0
6014.17   0
6047.03   0
6079.89   0
6112.75   0
6145.61   0
6178.46   0
6211.32   0
6244.18   0
6277.04   0
6309.9   0
6342.76   0
6375.62   0
6408.48   0
6441.33   0
6474.19   0
6507.05   0
6539.91   0
