1   3.23348e+125
1.05956   2.95999e+125
1.12267   2.71583e+125
1.18953   2.49797e+125
1.26038   2.30388e+125
1.33545   2.12809e+125
1.41499   1.96963e+125
1.49927   1.82618e+125
1.58857   1.6969e+125
1.68318   1.57827e+125
1.78343   1.4701e+125
1.88965   1.37118e+125
2.0022   1.28158e+125
2.12145   1.19818e+125
2.24781   1.12168e+125
2.38169   1.05123e+125
2.52354   9.86228e+124
2.67384   9.26155e+124
2.8331   8.71295e+124
3.00184   8.19708e+124
3.18063   7.71791e+124
3.37006   7.27155e+124
3.57079   6.85472e+124
3.78346   6.46448e+124
4.00881   6.09851e+124
4.24757   5.76054e+124
4.50056   5.43457e+124
4.76861   5.1269e+124
5.05263   4.83457e+124
5.35357   4.5558e+124
5.67243   4.28901e+124
6.01028   4.03277e+124
6.36825   3.78576e+124
6.74754   3.54677e+124
7.14943   3.31474e+124
7.57525   3.08873e+124
8.02643   2.86805e+124
8.50449   2.65238e+124
9.01102   2.44468e+124
9.54772   2.23744e+124
10.1164   2.03437e+124
10.7189   1.83624e+124
11.3573   1.6445e+124
12.0338   1.46106e+124
12.7505   1.29045e+124
13.5099   1.13685e+124
14.3146   1.00559e+124
15.1672   9.02463e+123
16.0705   8.32853e+123
17.0277   8.00492e+123
18.0419   8.05862e+123
19.1164   8.44721e+123
20.255   9.0737e+123
21.4614   9.79486e+123
22.7397   1.04496e+124
24.094   1.09035e+124
25.5291   1.1092e+124
27.0496   1.10376e+124
28.6607   1.08242e+124
30.3677   1.05436e+124
32.1764   1.02537e+124
34.0929   9.97101e+123
36.1234   9.70333e+123
38.2749   9.45564e+123
40.5546   9.22289e+123
42.97   9.01559e+123
45.5294   8.81873e+123
48.2411   8.62741e+123
51.1143   8.43888e+123
54.1587   8.25145e+123
57.3844   8.06401e+123
60.8022   7.87646e+123
64.4236   7.68666e+123
68.2607   7.49626e+123
72.3263   7.3031e+123
76.6341   7.10821e+123
81.1984   6.91076e+123
86.0346   6.71255e+123
91.1589   6.51249e+123
96.5883   6.31202e+123
102.341   6.1109e+123
108.437   5.9091e+123
114.895   5.70896e+123
121.738   5.5098e+123
128.989   5.31178e+123
136.672   5.11604e+123
144.812   4.92373e+123
153.437   4.73409e+123
162.576   4.54662e+123
172.259   4.36612e+123
182.518   4.18755e+123
193.389   4.01379e+123
204.907   3.84496e+123
217.112   3.68122e+123
230.043   3.52185e+123
243.744   3.36794e+123
258.262   3.21923e+123
273.644   3.07556e+123
289.942   2.93732e+123
307.211   2.8045e+123
325.509   2.67665e+123
344.896   2.55398e+123
365.438   2.43633e+123
387.204   2.32338e+123
410.266   2.21569e+123
434.701   2.11227e+123
460.592   2.01352e+123
488.025   1.91956e+123
517.092   1.82969e+123
547.89   1.74395e+123
580.523   1.6623e+123
615.099   1.58449e+123
651.734   1.51042e+123
690.551   1.43997e+123
731.681   1.37282e+123
775.26   1.3093e+123
821.434   1.24879e+123
870.359   1.19121e+123
922.198   1.13681e+123
977.124   1.08507e+123
1035.32   1.03598e+123
1096.99   9.89312e+122
1162.32   9.45382e+122
1231.55   9.03617e+122
1304.9   8.641e+122
1382.62   8.26735e+122
1464.97   7.91419e+122
1552.23   7.58098e+122
1644.68   7.267e+122
1742.63   6.97158e+122
1846.42   6.69407e+122
1956.4   6.4347e+122
2072.92   6.19249e+122
2196.39   5.96753e+122
2327.2   5.76007e+122
2465.81   5.56997e+122
2612.68   5.39726e+122
2768.29   5.24242e+122
2933.17   5.10595e+122
3107.87   4.98842e+122
3292.97   4.89044e+122
3489.1   4.81265e+122
3696.91   4.7554e+122
3917.1   4.7195e+122
4150.4   4.70418e+122
4397.6   4.70826e+122
4659.53   4.72908e+122
4937.05   4.76168e+122
5231.1   4.79774e+122
5542.66   4.82459e+122
5872.79   4.82383e+122
6222.57   4.77079e+122
6593.19   4.63511e+122
6985.88   4.384e+122
7401.96   3.99063e+122
7842.82   3.44572e+122
8309.94   2.77276e+122
8804.88   2.03622e+122
9329.3   1.3322e+122
9884.96   7.56315e+121
10473.7   3.62447e+121
11097.5   1.42666e+121
11758.5   4.49519e+120
12458.8   1.108e+120
13200.9   2.09468e+119
13987.1   2.98853e+118
14820.2   3.17655e+117
15702.9   2.49042e+116
16638.2   1.42924e+115
17629.1   5.97003e+113
18679.1   1.80743e+112
19791.7   3.95372e+110
20970.5   6.23481e+108
22219.5   7.07606e+106
23542.9   5.77274e+104
24945.1   3.38226e+102
26430.8   1.42225e+100
28005   4.29023e+97
29673   9.2801e+94
31440.4   1.43922e+92
33312.9   1.59956e+89
35297.1   1.27391e+86
37399.4   7.2691e+82
39626.9   2.97144e+79
41987.1   8.70053e+75
44487.8   1.82462e+72
47137.5   2.74035e+68
49945.1   2.94715e+64
52919.8   2.26945e+60
56071.7   1.25122e+56
59411.3   4.93848e+51
62949.9   1.39526e+47
66699.2   2.82166e+42
70671.8   4.08396e+37
74881   4.23016e+32
79341   3.13541e+27
84066.5   1.66286e+22
89073.5   6.30962e+16
94378.8   1.71277e+11
100000   0
