1   1.32366e+104
1.05956   1.25265e+104
1.12267   1.18671e+104
1.18953   1.12547e+104
1.26038   1.06859e+104
1.33545   1.01577e+104
1.41499   9.66708e+103
1.49927   9.21131e+103
1.58857   8.78783e+103
1.68318   8.39427e+103
1.78343   8.02841e+103
1.88965   7.68817e+103
2.0022   7.37165e+103
2.12145   7.07706e+103
2.24781   6.80276e+103
2.38169   6.5472e+103
2.52354   6.30898e+103
2.67384   6.08676e+103
2.8331   5.87934e+103
3.00184   5.68558e+103
3.18063   5.50443e+103
3.37006   5.33493e+103
3.57079   5.17618e+103
3.78346   5.02735e+103
4.00881   4.88766e+103
4.24757   4.75639e+103
4.50056   4.63289e+103
4.76861   4.51654e+103
5.05263   4.40674e+103
5.35357   4.30295e+103
5.67243   4.20464e+103
6.01028   4.11132e+103
6.36825   4.02248e+103
6.74754   3.93763e+103
7.14943   3.85626e+103
7.57525   3.77784e+103
8.02643   3.70179e+103
8.50449   3.62747e+103
9.01102   3.55414e+103
9.54772   3.48096e+103
10.1164   3.40697e+103
10.7189   3.33102e+103
11.3573   3.2518e+103
12.0338   3.16781e+103
12.7505   3.07737e+103
13.5099   2.97867e+103
14.3146   2.86986e+103
15.1672   2.74919e+103
16.0705   2.61518e+103
17.0277   2.4669e+103
18.0419   2.3042e+103
19.1164   2.12802e+103
20.255   1.94047e+103
21.4614   1.74491e+103
22.7397   1.54572e+103
24.094   1.34793e+103
25.5291   1.15669e+103
27.0496   9.76701e+102
28.6607   8.11776e+102
30.3677   6.64488e+102
32.1764   5.36106e+102
34.0929   4.26689e+102
36.1234   3.35326e+102
38.2749   2.60428e+102
40.5546   2.00026e+102
42.97   1.52012e+102
45.5294   1.1433e+102
48.2411   8.5086e+101
51.1143   6.26149e+101
54.1587   4.55007e+101
57.3844   3.25706e+101
60.8022   1.14512e+101
64.4236   4.37711e+100
68.2607   1.51371e+100
72.3263   5.17961e+99
76.6341   1.82841e+99
81.1984   6.75685e+98
86.0346   2.62369e+98
91.1589   1.07009e+98
96.5883   4.57611e+97
102.341   2.04716e+97
108.437   9.55791e+96
114.895   4.64645e+96
121.738   2.34667e+96
128.989   1.22865e+96
136.672   6.65538e+95
144.812   3.72269e+95
153.437   2.14632e+95
162.576   1.27334e+95
172.259   7.76086e+94
182.518   4.8521e+94
193.389   3.10729e+94
204.907   2.03554e+94
217.112   1.36228e+94
230.043   9.3029e+93
243.744   6.47506e+93
258.262   4.58854e+93
273.644   3.30727e+93
289.942   2.42223e+93
307.211   1.80101e+93
325.509   1.35833e+93
344.896   1.03832e+93
365.438   8.0383e+92
387.204   6.29786e+92
410.266   4.9903e+92
434.701   3.99657e+92
460.592   3.23308e+92
488.025   2.6404e+92
517.092   2.17578e+92
547.89   1.80817e+92
580.523   1.51473e+92
615.099   1.27854e+92
651.734   1.08691e+92
690.551   9.30267e+91
731.681   8.01306e+91
775.26   6.94414e+91
821.434   6.05243e+91
870.359   5.30401e+91
922.198   4.67222e+91
977.124   4.13593e+91
1035.32   3.67835e+91
1096.99   3.28599e+91
1162.32   2.94797e+91
1231.55   2.65543e+91
1304.9   2.40118e+91
1382.62   2.17937e+91
1464.97   1.98502e+91
1552.23   1.81414e+91
1644.68   1.66338e+91
1742.63   1.52994e+91
1846.42   1.41149e+91
1956.4   1.30603e+91
2072.92   1.21193e+91
2196.39   1.12778e+91
2327.2   1.0524e+91
2465.81   9.84825e+90
2612.68   9.2423e+90
2768.29   8.69956e+90
2933.17   8.2147e+90
3107.87   7.78366e+90
3292.97   7.40374e+90
3489.1   7.0734e+90
3696.91   6.79256e+90
3917.1   6.56266e+90
4150.4   6.38683e+90
4397.6   6.27033e+90
4659.53   6.22089e+90
4937.05   6.2492e+90
5231.1   6.3696e+90
5542.66   6.60082e+90
5872.79   6.96669e+90
6222.57   7.49673e+90
6593.19   8.22649e+90
6985.88   9.19676e+90
7401.96   1.04509e+91
7842.82   1.20288e+91
8309.94   1.39549e+91
8804.88   1.62176e+91
9329.3   1.87372e+91
9884.96   2.13266e+91
10473.7   2.36401e+91
11097.5   2.51746e+91
11758.5   2.53284e+91
12458.8   2.36008e+91
13200.9   1.99e+91
13987.1   1.47956e+91
14820.2   9.43518e+90
15702.9   5.01772e+90
16638.2   2.16605e+90
17629.1   7.40471e+89
18679.1   1.96192e+89
19791.7   3.95709e+88
20970.5   5.98797e+87
22219.5   6.72111e+86
23542.9   5.54695e+85
24945.1   3.34382e+84
26430.8   1.46508e+83
28005   4.64852e+81
29673   1.0652e+80
31440.4   1.75934e+78
33312.9   2.09137e+76
35297.1   1.78734e+74
37399.4   1.09731e+72
39626.9   4.83649e+69
41987.1   1.52973e+67
44487.8   3.4708e+64
47137.5   5.64739e+61
49945.1   6.5883e+58
52919.8   5.50963e+55
56071.7   3.30237e+52
59411.3   1.41846e+49
62949.9   4.36561e+45
66699.2   9.6262e+41
70671.8   1.52054e+38
74881   1.72038e+34
79341   1.39409e+30
84066.5   8.09013e+25
89073.5   3.36179e+21
94378.8   1.00022e+17
100000   2.13054e+12
