1   1.94579e+25
1.13828   1.67686e+25
1.27655   1.47308e+25
1.41483   1.31378e+25
1.55311   1.18609e+25
1.69138   1.08158e+25
1.82966   9.94525e+24
1.96794   9.20937e+24
2.10621   8.57934e+24
2.24449   8.03397e+24
2.38277   7.55729e+24
2.52104   7.13711e+24
2.65932   6.76392e+24
2.7976   6.43024e+24
2.93587   6.13005e+24
3.07415   5.85853e+24
3.21242   5.61172e+24
3.3507   5.38634e+24
3.48898   5.17969e+24
3.62725   4.98949e+24
3.76553   4.81381e+24
3.90381   4.65102e+24
4.04208   4.49973e+24
4.18036   4.35872e+24
4.31864   4.22696e+24
4.45691   4.10353e+24
4.59519   3.98766e+24
4.73347   3.87863e+24
4.87174   3.77585e+24
5.01002   3.67877e+24
5.1483   3.5869e+24
5.28657   3.49983e+24
5.42485   3.41716e+24
5.56313   3.33855e+24
5.7014   3.26371e+24
5.83968   3.19234e+24
5.97796   3.12419e+24
6.11623   3.05904e+24
6.25451   2.99669e+24
6.39279   2.93693e+24
6.53106   2.87961e+24
6.66934   2.82456e+24
6.80762   2.77163e+24
6.94589   2.7207e+24
7.08417   2.67165e+24
7.22244   2.62435e+24
7.36072   2.57872e+24
7.499   2.53464e+24
7.63727   2.49204e+24
7.77555   2.45083e+24
7.91383   2.41094e+24
8.0521   2.37229e+24
8.19038   2.33482e+24
8.32866   2.29846e+24
8.46693   2.26317e+24
8.60521   2.22888e+24
8.74349   2.19554e+24
8.88176   2.16311e+24
9.02004   2.13155e+24
9.15832   2.10081e+24
9.29659   2.07085e+24
9.43487   2.04164e+24
9.57315   2.01314e+24
9.71142   1.98533e+24
9.8497   1.95816e+24
9.98798   1.93162e+24
10.1263   1.90567e+24
10.2645   1.88029e+24
10.4028   1.85546e+24
10.5411   1.83114e+24
10.6794   1.80733e+24
10.8176   1.784e+24
10.9559   1.76112e+24
11.0942   1.73869e+24
11.2325   1.71668e+24
11.3707   1.69509e+24
11.509   1.67388e+24
11.6473   1.65305e+24
11.7856   1.63258e+24
11.9238   1.61247e+24
12.0621   1.59269e+24
12.2004   1.57323e+24
12.3387   1.55409e+24
12.477   1.53525e+24
12.6152   1.5167e+24
12.7535   1.49844e+24
12.8918   1.48044e+24
13.0301   1.46271e+24
13.1683   1.44523e+24
13.3066   1.42801e+24
13.4449   1.41102e+24
13.5832   1.39426e+24
13.7214   1.37772e+24
13.8597   1.3614e+24
13.998   1.3453e+24
14.1363   1.3294e+24
14.2745   1.3137e+24
14.4128   1.29819e+24
14.5511   1.28287e+24
14.6894   1.26773e+24
14.8277   1.25278e+24
14.9659   1.238e+24
15.1042   1.22338e+24
15.2425   1.20894e+24
15.3808   1.19465e+24
15.519   1.18053e+24
15.6573   1.16656e+24
15.7956   1.15274e+24
15.9339   1.13907e+24
16.0721   1.12554e+24
16.2104   1.11216e+24
16.3487   1.09892e+24
16.487   1.08581e+24
16.6253   1.07284e+24
16.7635   1.06e+24
16.9018   1.04729e+24
17.0401   1.03471e+24
17.1784   1.02226e+24
17.3166   1.00993e+24
17.4549   9.97725e+23
17.5932   9.85639e+23
17.7315   9.73672e+23
17.8697   9.61824e+23
18.008   9.50091e+23
18.1463   9.38474e+23
18.2846   9.2697e+23
18.4228   9.15579e+23
18.5611   9.04299e+23
18.6994   8.93129e+23
18.8377   8.82069e+23
18.976   8.71116e+23
19.1142   8.60272e+23
19.2525   8.47518e+23
19.3908   8.33921e+23
19.5291   8.20534e+23
19.6673   8.07356e+23
19.8056   7.94381e+23
19.9439   7.81606e+23
20.0822   7.69029e+23
20.2204   7.56645e+23
20.3587   7.44452e+23
20.497   7.32447e+23
20.6353   7.20627e+23
20.7735   7.08989e+23
20.9118   6.9753e+23
21.0501   6.86248e+23
21.1884   6.75139e+23
21.3267   6.64201e+23
21.4649   6.53432e+23
21.6032   6.4283e+23
21.7415   6.3239e+23
21.8798   6.22113e+23
22.018   6.11994e+23
22.1563   6.02032e+23
22.2946   5.92224e+23
22.4329   5.82569e+23
22.5711   5.73064e+23
22.7094   5.63706e+23
22.8477   5.54495e+23
22.986   5.45428e+23
23.1242   5.36502e+23
23.2625   5.27717e+23
23.4008   5.19069e+23
23.5391   5.10557e+23
23.6774   5.0218e+23
23.8156   4.93934e+23
23.9539   4.85819e+23
24.0922   4.77833e+23
24.2305   4.69974e+23
24.3687   4.62239e+23
24.507   4.54628e+23
24.6453   4.47139e+23
24.7836   4.39769e+23
24.9218   4.32518e+23
25.0601   4.25383e+23
25.1984   4.18363e+23
25.3367   4.11457e+23
25.4749   4.04662e+23
25.6132   3.97977e+23
25.7515   3.91401e+23
25.8898   3.84932e+23
26.0281   3.78568e+23
26.1663   3.72308e+23
26.3046   3.66151e+23
26.4429   3.60095e+23
26.5812   3.54138e+23
26.7194   3.48279e+23
26.8577   3.42517e+23
26.996   3.3685e+23
27.1343   3.31277e+23
27.2725   3.25796e+23
27.4108   3.20407e+23
27.5491   3.15107e+23
27.6874   3.09895e+23
27.8257   3.04771e+23
27.9639   2.99732e+23
28.1022   2.94777e+23
28.2405   2.89906e+23
28.3788   2.85116e+23
28.517   2.80408e+23
28.6553   2.75778e+23
28.7936   2.71226e+23
28.9319   2.66752e+23
29.0701   2.62353e+23
29.2084   2.58029e+23
29.3467   2.53778e+23
29.485   2.49599e+23
29.6232   2.45491e+23
29.7615   2.41453e+23
29.8998   2.37484e+23
30.0381   2.33583e+23
30.1764   2.29748e+23
30.3146   2.25978e+23
30.4529   2.22274e+23
30.5912   2.18632e+23
30.7295   2.15053e+23
30.8677   2.11536e+23
31.006   2.08078e+23
31.1443   2.0468e+23
31.2826   2.01341e+23
31.4208   1.98059e+23
31.5591   1.94833e+23
31.6974   1.91663e+23
31.8357   1.88547e+23
31.9739   1.85485e+23
32.1122   1.82476e+23
32.2505   1.79519e+23
32.3888   1.76613e+23
32.5271   1.73757e+23
32.6653   1.7095e+23
32.8036   1.68191e+23
32.9419   1.65481e+23
33.0802   1.62817e+23
33.2184   1.60199e+23
33.3567   1.57626e+23
33.495   1.55098e+23
33.6333   1.52613e+23
33.7715   1.50171e+23
33.9098   1.47772e+23
34.0481   1.45414e+23
34.1864   1.43096e+23
34.3246   1.40819e+23
34.4629   1.38581e+23
34.6012   1.36381e+23
34.7395   1.3422e+23
34.8778   1.32095e+23
35.016   1.30008e+23
35.1543   1.27956e+23
35.2926   1.2594e+23
35.4309   1.23958e+23
35.5691   1.22011e+23
35.7074   1.20097e+23
35.8457   1.18216e+23
35.984   1.16367e+23
36.1222   1.1455e+23
36.2605   1.12764e+23
36.3988   1.11009e+23
36.5371   1.09284e+23
36.6754   1.07589e+23
36.8136   1.05922e+23
36.9519   1.04285e+23
37.0902   1.02675e+23
37.2285   1.01092e+23
37.3667   9.95368e+22
37.505   9.8008e+22
37.6433   9.65052e+22
37.7816   9.5028e+22
37.9198   9.35759e+22
38.0581   9.21485e+22
38.1964   9.07454e+22
38.3347   8.9366e+22
38.4729   8.80101e+22
38.6112   8.66771e+22
38.7495   8.53667e+22
38.8878   8.40784e+22
39.0261   8.28118e+22
39.1643   8.15667e+22
39.3026   8.03425e+22
39.4409   7.91388e+22
39.5792   7.79555e+22
39.7174   7.6792e+22
39.8557   7.5648e+22
39.994   7.45231e+22
40.1323   7.34171e+22
40.2705   7.23296e+22
40.4088   7.12602e+22
40.5471   7.02087e+22
40.6854   6.91746e+22
40.8236   6.81577e+22
40.9619   6.71578e+22
41.1002   6.61744e+22
41.2385   6.52073e+22
41.3768   6.42562e+22
41.515   6.33208e+22
41.6533   6.24008e+22
41.7916   6.1496e+22
41.9299   6.0606e+22
42.0681   5.97307e+22
42.2064   5.88698e+22
42.3447   5.80229e+22
42.483   5.71899e+22
42.6212   5.63705e+22
42.7595   5.55644e+22
42.8978   5.47715e+22
43.0361   5.39915e+22
43.1743   5.32241e+22
43.3126   5.24692e+22
43.4509   5.17265e+22
43.5892   5.09958e+22
43.7275   5.02769e+22
43.8657   4.95696e+22
44.004   4.88736e+22
44.1423   4.81888e+22
44.2806   4.7515e+22
44.4188   4.6852e+22
44.5571   4.61996e+22
44.6954   4.55576e+22
44.8337   4.49259e+22
44.9719   4.43041e+22
45.1102   4.36923e+22
45.2485   4.30901e+22
45.3868   4.24975e+22
45.5251   4.19143e+22
45.6633   4.13402e+22
45.8016   4.07752e+22
45.9399   4.02191e+22
46.0782   3.96717e+22
46.2164   3.91329e+22
46.3547   3.86025e+22
46.493   3.80804e+22
46.6313   3.75664e+22
46.7695   3.70604e+22
46.9078   3.65623e+22
47.0461   3.6072e+22
47.1844   3.55892e+22
47.3226   3.51138e+22
47.4609   3.46459e+22
47.5992   3.41851e+22
47.7375   3.37314e+22
47.8758   3.32846e+22
48.014   3.28447e+22
48.1523   3.24116e+22
48.2906   3.1985e+22
48.4289   3.1565e+22
48.5671   3.11513e+22
48.7054   3.07439e+22
48.8437   3.03427e+22
48.982   2.99476e+22
49.1202   2.95584e+22
49.2585   2.91751e+22
49.3968   2.87976e+22
49.5351   2.84257e+22
49.6733   2.80594e+22
49.8116   2.76986e+22
49.9499   2.73432e+22
50.0882   2.69931e+22
50.2265   2.66482e+22
50.3647   2.63084e+22
50.503   2.59737e+22
50.6413   2.56439e+22
50.7796   2.5319e+22
50.9178   2.49988e+22
51.0561   2.46834e+22
51.1944   2.43727e+22
51.3327   2.40664e+22
51.4709   2.37647e+22
51.6092   2.34674e+22
51.7475   2.31744e+22
51.8858   2.28857e+22
52.024   2.26012e+22
52.1623   2.23208e+22
52.3006   2.20444e+22
52.4389   2.17721e+22
52.5772   2.15037e+22
52.7154   2.12391e+22
52.8537   2.09784e+22
52.992   2.07214e+22
53.1303   2.0468e+22
53.2685   2.02183e+22
53.4068   1.99722e+22
53.5451   1.97295e+22
53.6834   1.94903e+22
53.8216   1.92545e+22
53.9599   1.9022e+22
54.0982   1.87929e+22
54.2365   1.85669e+22
54.3747   1.83441e+22
54.513   1.81245e+22
54.6513   1.79079e+22
54.7896   1.76944e+22
54.9279   1.74839e+22
55.0661   1.72763e+22
55.2044   1.70715e+22
55.3427   1.68697e+22
55.481   1.66706e+22
55.6192   1.64743e+22
55.7575   1.62806e+22
55.8958   1.60897e+22
56.0341   1.59014e+22
56.1723   1.57157e+22
56.3106   1.55325e+22
56.4489   1.53518e+22
56.5872   1.51736e+22
56.7255   1.49978e+22
56.8637   1.48244e+22
57.002   1.46534e+22
57.1403   1.44847e+22
57.2786   1.43183e+22
57.4168   1.41541e+22
57.5551   1.39921e+22
57.6934   1.38323e+22
57.8317   1.36747e+22
57.9699   1.35192e+22
58.1082   1.33657e+22
58.2465   1.32143e+22
58.3848   1.30649e+22
58.523   1.29175e+22
58.6613   1.27721e+22
58.7996   1.26286e+22
58.9379   1.2487e+22
59.0762   1.23472e+22
59.2144   1.22093e+22
59.3527   1.20732e+22
59.491   1.19389e+22
59.6293   1.18064e+22
59.7675   1.16756e+22
59.9058   1.15465e+22
60.0441   1.14191e+22
60.1824   1.12933e+22
60.3206   1.11692e+22
60.4589   1.10467e+22
60.5972   1.09257e+22
60.7355   1.08064e+22
60.8737   1.06885e+22
61.012   1.05722e+22
61.1503   1.04574e+22
61.2886   1.0344e+22
61.4269   1.02321e+22
61.5651   1.01217e+22
61.7034   1.00126e+22
61.8417   9.90492e+21
61.98   9.79861e+21
62.1182   9.69364e+21
62.2565   9.59001e+21
62.3948   9.48768e+21
62.5331   9.38664e+21
62.6713   9.28687e+21
62.8096   9.18836e+21
62.9479   9.09108e+21
63.0862   8.99501e+21
63.2244   8.90015e+21
63.3627   8.80647e+21
63.501   8.71395e+21
63.6393   8.62258e+21
63.7776   8.53235e+21
63.9158   8.44323e+21
64.0541   8.35521e+21
64.1924   8.26828e+21
64.3307   8.18242e+21
64.4689   8.09761e+21
64.6072   8.01384e+21
64.7455   7.9311e+21
64.8838   7.84937e+21
65.022   7.76863e+21
65.1603   7.68888e+21
65.2986   7.6101e+21
65.4369   7.53227e+21
65.5752   7.45538e+21
65.7134   7.37943e+21
65.8517   7.30438e+21
65.99   7.23025e+21
66.1283   7.157e+21
66.2665   7.08463e+21
66.4048   7.01313e+21
66.5431   6.94249e+21
66.6814   6.87268e+21
66.8196   6.80371e+21
66.9579   6.73556e+21
67.0962   6.66822e+21
67.2345   6.60167e+21
67.3727   6.53591e+21
67.511   6.47093e+21
67.6493   6.40671e+21
67.7876   6.34325e+21
67.9259   6.28054e+21
68.0641   6.21855e+21
68.2024   6.1573e+21
68.3407   6.09676e+21
68.479   6.03692e+21
68.6172   5.97779e+21
68.7555   5.91933e+21
68.8938   5.86156e+21
69.0321   5.80446e+21
69.1703   5.74801e+21
69.3086   5.69222e+21
69.4469   5.63707e+21
69.5852   5.58255e+21
69.7234   0
69.8617   0
70   0
