1   5.00747e+24
1.05956   4.16866e+24
1.12267   3.45374e+24
1.18953   2.87158e+24
1.26038   2.40126e+24
1.33545   2.01783e+24
1.41499   1.6392e+24
1.49927   1.38494e+24
1.58857   1.17495e+24
1.68318   1.00014e+24
1.78343   8.52865e+23
1.88965   7.28204e+23
2.0022   6.24257e+23
2.12145   5.35627e+23
2.24781   4.60858e+23
2.38169   3.97271e+23
2.52354   3.43289e+23
2.67384   2.97251e+23
2.8331   2.58107e+23
3.00184   2.24325e+23
3.18063   1.95225e+23
3.37006   1.70569e+23
3.57079   1.4932e+23
3.78346   1.30667e+23
4.00881   1.14491e+23
4.24757   1.00581e+23
4.50056   8.8531e+22
4.76861   7.80721e+22
5.05263   6.89367e+22
5.35357   6.09583e+22
5.67243   5.39801e+22
6.01028   4.78649e+22
6.36825   4.24973e+22
6.74754   3.77737e+22
7.14943   3.37322e+22
7.57525   3.00911e+22
8.02643   2.68833e+22
8.50449   2.40542e+22
9.01102   2.16061e+22
9.54772   1.97137e+22
10.1164   1.74459e+22
10.7189   1.6132e+22
11.3573   1.41704e+22
12.0338   1.2816e+22
12.7505   1.18984e+22
13.5099   1.07816e+22
14.3146   9.78633e+21
15.1672   8.83254e+21
16.0705   7.93007e+21
17.0277   7.24985e+21
18.0419   6.64169e+21
19.1164   6.09769e+21
20.255   5.61141e+21
21.4614   5.17358e+21
22.7397   4.77392e+21
24.094   4.41368e+21
25.5291   4.08873e+21
27.0496   3.79593e+21
28.6607   3.53278e+21
30.3677   3.29365e+21
32.1764   3.07601e+21
34.0929   2.87647e+21
36.1234   2.69661e+21
38.2749   2.53191e+21
40.5546   2.38167e+21
42.97   2.24377e+21
45.5294   2.117e+21
48.2411   1.99945e+21
51.1143   1.89064e+21
54.1587   1.79013e+21
57.3844   1.69697e+21
60.8022   1.60965e+21
64.4236   1.52773e+21
68.2607   1.45094e+21
72.3263   1.37875e+21
76.6341   1.31071e+21
81.1984   1.24645e+21
86.0346   1.18559e+21
91.1589   1.12785e+21
96.5883   1.07296e+21
102.341   1.02068e+21
108.437   9.70828e+20
114.895   9.23219e+20
121.738   8.77707e+20
128.989   8.34161e+20
136.672   7.92462e+20
144.812   7.52505e+20
153.437   7.14191e+20
162.576   6.77426e+20
172.259   6.42115e+20
182.518   6.08167e+20
193.389   5.75489e+20
204.907   5.43986e+20
217.112   5.13565e+20
230.043   4.84129e+20
243.744   4.55574e+20
258.262   4.2779e+20
273.644   4.00718e+20
289.942   3.74281e+20
307.211   3.4841e+20
325.509   3.23053e+20
344.896   2.98173e+20
365.438   2.73757e+20
387.204   2.49818e+20
410.266   2.26409e+20
434.701   2.03648e+20
460.592   1.81775e+20
488.025   1.6338e+20
517.092   1.42415e+20
547.89   1.22561e+20
580.523   1.04004e+20
615.099   8.69228e+19
651.734   7.14681e+19
690.551   5.775e+19
731.681   4.58239e+19
775.26   3.56837e+19
821.434   2.72624e+19
870.359   2.04399e+19
922.198   1.50565e+19
977.124   1.09297e+19
1035.32   7.88441e+18
1096.99   5.70895e+18
1162.32   4.24088e+18
1231.55   3.33812e+18
1304.9   2.87718e+18
1382.62   2.74774e+18
1464.97   2.84615e+18
1552.23   3.07104e+18
1644.68   3.32436e+18
1742.63   3.51874e+18
1846.42   3.58936e+18
1956.4   3.50496e+18
2072.92   3.27157e+18
2196.39   2.92577e+18
2327.2   2.52018e+18
2465.81   2.10601e+18
2612.68   1.72393e+18
2768.29   1.39529e+18
2933.17   1.1257e+18
3107.87   9.11088e+17
3292.97   7.42779e+17
3489.1   6.11043e+17
3696.91   5.07424e+17
3917.1   4.2519e+17
4150.4   3.59311e+17
4397.6   3.05985e+17
4659.53   2.62447e+17
4937.05   2.26554e+17
5231.1   1.96716e+17
5542.66   1.71724e+17
5872.79   1.50598e+17
6222.57   1.32677e+17
6593.19   1.17328e+17
6985.88   1.04117e+17
7401.96   9.26876e+16
7842.82   8.27456e+16
8309.94   7.40576e+16
8804.88   6.6435e+16
9329.3   5.97252e+16
9884.96   5.37846e+16
10473.7   4.85308e+16
11097.5   4.38567e+16
11758.5   3.96895e+16
12458.8   3.59663e+16
13200.9   3.26321e+16
13987.1   2.96426e+16
14820.2   2.69539e+16
15702.9   2.45405e+16
16638.2   2.23642e+16
17629.1   2.03963e+16
18679.1   1.86265e+16
19791.7   1.70207e+16
20970.5   1.55719e+16
22219.5   1.42604e+16
23542.9   1.30727e+16
24945.1   1.19965e+16
26430.8   1.10193e+16
28005   1.01356e+16
29673   9.33496e+15
31440.4   8.61082e+15
33312.9   7.95615e+15
35297.1   7.36622e+15
37399.4   6.83615e+15
39626.9   6.3622e+15
41987.1   5.94185e+15
44487.8   5.5721e+15
47137.5   5.21738e+15
49945.1   4.94709e+15
52919.8   4.73855e+15
56071.7   4.5809e+15
59411.3   4.47533e+15
62949.9   4.42173e+15
66699.2   4.41723e+15
70671.8   4.45483e+15
74881   4.51618e+15
79341   1.90893e+14
84066.5   3.52828e+15
89073.5   4.49333e+13
94378.8   1.10819e+15
100000   0
