1   5.36439e+31
1.05956   5.06085e+31
1.12267   4.77781e+31
1.18953   4.51385e+31
1.26038   4.26763e+31
1.33545   4.03789e+31
1.41499   3.82346e+31
1.49927   3.62325e+31
1.58857   3.43621e+31
1.68318   3.26141e+31
1.78343   3.09795e+31
1.88965   2.945e+31
2.0022   2.8018e+31
2.12145   2.66764e+31
2.24781   2.54185e+31
2.38169   2.42383e+31
2.52354   2.31301e+31
2.67384   2.20886e+31
2.8331   2.1109e+31
3.00184   2.01869e+31
3.18063   1.93181e+31
3.37006   1.84988e+31
3.57079   1.77254e+31
3.78346   1.69946e+31
4.00881   1.63036e+31
4.24757   1.56494e+31
4.50056   1.50295e+31
4.76861   1.44416e+31
5.05263   1.38833e+31
5.35357   1.33527e+31
5.67243   1.28479e+31
6.01028   1.23671e+31
6.36825   1.19087e+31
6.74754   1.14712e+31
7.14943   1.10532e+31
7.57525   1.06535e+31
8.02643   1.02708e+31
8.50449   9.90405e+30
9.01102   9.55223e+30
9.54772   9.21438e+30
10.1164   8.88962e+30
10.7189   8.57715e+30
11.3573   8.2762e+30
12.0338   7.98608e+30
12.7505   7.70616e+30
13.5099   7.43582e+30
14.3146   7.17453e+30
15.1672   6.92177e+30
16.0705   6.67709e+30
17.0277   6.44005e+30
18.0419   6.21026e+30
19.1164   5.98736e+30
20.255   5.77103e+30
21.4614   5.56096e+30
22.7397   5.35689e+30
24.094   5.15858e+30
25.5291   4.96581e+30
27.0496   4.77837e+30
28.6607   4.59611e+30
30.3677   4.41887e+30
32.1764   4.24651e+30
34.0929   4.07892e+30
36.1234   3.916e+30
38.2749   3.75766e+30
40.5546   3.60384e+30
42.97   3.45447e+30
45.5294   3.30951e+30
48.2411   3.16892e+30
51.1143   3.03266e+30
54.1587   2.9007e+30
57.3844   2.77303e+30
60.8022   2.64962e+30
64.4236   2.53046e+30
68.2607   2.41552e+30
72.3263   2.30479e+30
76.6341   2.19824e+30
81.1984   2.09586e+30
86.0346   1.9976e+30
91.1589   1.90344e+30
96.5883   1.81332e+30
102.341   1.72721e+30
108.437   1.64504e+30
114.895   1.56675e+30
121.738   1.49226e+30
128.989   1.4215e+30
136.672   1.35437e+30
144.812   1.29078e+30
153.437   1.23063e+30
162.576   1.1738e+30
172.259   1.12017e+30
182.518   1.06963e+30
193.389   1.02205e+30
204.907   9.77287e+29
217.112   9.35222e+29
230.043   8.95714e+29
243.744   8.58628e+29
258.262   8.23827e+29
273.644   7.91174e+29
289.942   7.60537e+29
307.211   7.31782e+29
325.509   7.04781e+29
344.896   6.79409e+29
365.438   6.55544e+29
387.204   6.3307e+29
410.266   6.11876e+29
434.701   5.91856e+29
460.592   5.7291e+29
488.025   5.54942e+29
517.092   5.37866e+29
547.89   5.21598e+29
580.523   5.06063e+29
615.099   4.91189e+29
651.734   4.76912e+29
690.551   4.63174e+29
731.681   4.4992e+29
775.26   4.37103e+29
821.434   4.24678e+29
870.359   4.12607e+29
922.198   4.00855e+29
977.124   3.8939e+29
1035.32   3.78186e+29
1096.99   3.67217e+29
1162.32   3.56462e+29
1231.55   3.459e+29
1304.9   3.35514e+29
1382.62   3.25285e+29
1464.97   3.15198e+29
1552.23   3.05236e+29
1644.68   2.95381e+29
1742.63   2.85616e+29
1846.42   2.75922e+29
1956.4   2.66276e+29
2072.92   2.56655e+29
2196.39   2.47034e+29
2327.2   2.37383e+29
2465.81   2.27671e+29
2612.68   2.17866e+29
2768.29   2.07934e+29
2933.17   1.97844e+29
3107.87   1.87566e+29
3292.97   1.77078e+29
3489.1   1.66367e+29
3696.91   1.55435e+29
3917.1   1.44301e+29
4150.4   1.33006e+29
4397.6   1.21614e+29
4659.53   1.10215e+29
4937.05   9.892e+28
5231.1   8.78588e+28
5542.66   7.71706e+28
5872.79   6.69949e+28
6222.57   5.74611e+28
6593.19   4.86779e+28
6985.88   4.07255e+28
7401.96   3.36504e+28
7842.82   2.74648e+28
8309.94   2.21483e+28
8804.88   1.76535e+28
9329.3   1.3913e+28
9884.96   1.08461e+28
10473.7   8.36666e+27
11097.5   6.38825e+27
11758.5   4.82888e+27
12458.8   3.61379e+27
13200.9   2.67713e+27
13987.1   1.96242e+27
14820.2   1.42237e+27
15702.9   1.01814e+27
16638.2   7.18392e+26
17629.1   4.98222e+26
18679.1   3.38078e+26
19791.7   9.84761e+25
20970.5   3.40942e+25
22219.5   1.08424e+25
23542.9   3.42577e+24
24945.1   1.11214e+24
26430.8   3.74897e+23
28005   1.31397e+23
29673   4.77763e+22
31440.4   1.79549e+22
33312.9   6.94321e+21
35297.1   2.74886e+21
37399.4   1.10792e+21
39626.9   4.51681e+20
41987.1   1.84873e+20
44487.8   7.5291e+19
47137.5   3.01743e+19
49945.1   1.1734e+19
52919.8   4.34662e+18
56071.7   1.49572e+18
59411.3   4.61575e+17
62949.9   1.21414e+17
66699.2   2.53365e+16
70671.8   3.9325e+15
74881   6.26526e+14
79341   2.99028e+14
84066.5   2.36635e+14
89073.5   1.98048e+14
94378.8   1.70622e+14
100000   1.78965e+20
