1   6.02319e+19
1.05956   5.46827e+19
1.12267   4.97649e+19
1.18953   4.54092e+19
1.26038   4.15567e+19
1.33545   3.80958e+19
1.41499   3.50006e+19
1.49927   3.2221e+19
1.58857   2.97347e+19
1.68318   2.74727e+19
1.78343   2.54261e+19
1.88965   2.35689e+19
2.0022   2.18977e+19
2.12145   2.03551e+19
2.24781   1.89501e+19
2.38169   1.76652e+19
2.52354   1.6488e+19
2.67384   1.54077e+19
2.8331   1.44272e+19
3.00184   1.35137e+19
3.18063   1.26724e+19
3.37006   1.18961e+19
3.57079   1.11788e+19
3.78346   1.05152e+19
4.00881   9.9005e+18
4.24757   9.34055e+18
4.50056   8.81053e+18
4.76861   8.31936e+18
5.05263   7.86228e+18
5.35357   7.43631e+18
5.67243   7.0388e+18
6.01028   6.6674e+18
6.36825   6.31993e+18
6.74754   5.99442e+18
7.14943   5.68909e+18
7.57525   5.40228e+18
8.02643   5.13251e+18
8.50449   4.87839e+18
9.01102   4.64459e+18
9.54772   4.41942e+18
10.1164   4.20645e+18
10.7189   4.00468e+18
11.3573   3.81328e+18
12.0338   3.63149e+18
12.7505   3.45861e+18
13.5099   3.29403e+18
14.3146   3.13719e+18
15.1672   2.98758e+18
16.0705   2.84476e+18
17.0277   2.70834e+18
18.0419   2.57798e+18
19.1164   2.45335e+18
20.255   2.33419e+18
21.4614   2.22024e+18
22.7397   2.11126e+18
24.094   2.00701e+18
25.5291   1.90729e+18
27.0496   1.81185e+18
28.6607   1.72048e+18
30.3677   1.63294e+18
32.1764   1.549e+18
34.0929   1.4684e+18
36.1234   1.39092e+18
38.2749   1.31629e+18
40.5546   1.24428e+18
42.97   1.17466e+18
45.5294   1.1072e+18
48.2411   1.04168e+18
51.1143   9.77912e+17
54.1587   9.15713e+17
57.3844   8.54935e+17
60.8022   7.9546e+17
64.4236   7.37205e+17
68.2607   6.80132e+17
72.3263   6.24251e+17
76.6341   5.6963e+17
81.1984   5.16397e+17
86.0346   4.6474e+17
91.1589   4.1491e+17
96.5883   3.67204e+17
102.341   3.21963e+17
108.437   2.79545e+17
114.895   2.40317e+17
121.738   2.04633e+17
128.989   1.72809e+17
136.672   1.45308e+17
144.812   1.22504e+17
153.437   1.04818e+17
162.576   9.26953e+16
172.259   8.65545e+16
182.518   8.66645e+16
193.389   9.29636e+16
204.907   1.04829e+17
217.112   1.20885e+17
230.043   1.38956e+17
243.744   1.56287e+17
258.262   1.70093e+17
273.644   1.78326e+17
289.942   1.80366e+17
307.211   1.77172e+17
325.509   1.70701e+17
344.896   1.62855e+17
365.438   1.54787e+17
387.204   1.46745e+17
410.266   1.38973e+17
434.701   1.31469e+17
460.592   1.24272e+17
488.025   1.17362e+17
517.092   1.1073e+17
547.89   1.04301e+17
580.523   9.81297e+16
615.099   9.21612e+16
651.734   8.64351e+16
690.551   8.0928e+16
731.681   7.56615e+16
775.26   7.06198e+16
821.434   6.5819e+16
870.359   6.12562e+16
922.198   5.69208e+16
977.124   5.28199e+16
1035.32   4.89461e+16
1096.99   4.52977e+16
1162.32   4.18687e+16
1231.55   3.86535e+16
1304.9   3.56449e+16
1382.62   3.28353e+16
1464.97   3.02156e+16
1552.23   2.77805e+16
1644.68   2.55178e+16
1742.63   2.34213e+16
1846.42   2.14786e+16
1956.4   1.9686e+16
2072.92   1.80297e+16
2196.39   1.65015e+16
2327.2   1.50986e+16
2465.81   1.38045e+16
2612.68   1.2619e+16
2768.29   1.15287e+16
2933.17   1.053e+16
3107.87   9.61382e+15
3292.97   8.77596e+15
3489.1   8.00867e+15
3696.91   7.30708e+15
3917.1   6.6657e+15
4150.4   6.08036e+15
4397.6   5.54568e+15
4659.53   5.05748e+15
4937.05   4.61202e+15
5231.1   4.20556e+15
5542.66   3.83519e+15
5872.79   3.49723e+15
6222.57   3.18944e+15
6593.19   2.90881e+15
6985.88   2.65307e+15
7401.96   2.42006e+15
7842.82   2.20767e+15
8309.94   2.01427e+15
8804.88   1.83808e+15
9329.3   1.67759e+15
9884.96   1.53132e+15
10473.7   1.39805e+15
11097.5   1.27663e+15
11758.5   1.16581e+15
12458.8   1.0648e+15
13200.9   9.72631e+14
13987.1   8.88526e+14
14820.2   8.11725e+14
15702.9   7.41641e+14
16638.2   6.77583e+14
17629.1   6.19081e+14
18679.1   5.6561e+14
19791.7   5.16716e+14
20970.5   4.72009e+14
22219.5   4.31186e+14
23542.9   3.9383e+14
24945.1   3.59679e+14
26430.8   3.28464e+14
28005   2.99934e+14
29673   2.73875e+14
31440.4   2.50091e+14
33312.9   2.28379e+14
35297.1   2.08579e+14
37399.4   1.90564e+14
39626.9   1.74163e+14
41987.1   1.59264e+14
44487.8   1.45757e+14
47137.5   1.33542e+14
49945.1   1.22527e+14
52919.8   1.12652e+14
56071.7   1.03846e+14
59411.3   9.60758e+13
62949.9   8.93347e+13
66699.2   8.36525e+13
70671.8   7.91432e+13
74881   7.60775e+13
79341   7.51035e+13
84066.5   7.79465e+13
89073.5   9.00867e+13
94378.8   1.30644e+14
100000   0
