1   1.50346e+26
1.02787   1.46402e+26
1.05574   1.42661e+26
1.08362   1.39108e+26
1.11149   1.3573e+26
1.13936   1.32513e+26
1.16723   1.29446e+26
1.19511   1.26519e+26
1.22298   1.23722e+26
1.25085   1.21047e+26
1.27872   1.18486e+26
1.3066   1.16032e+26
1.33447   1.13677e+26
1.36234   1.11416e+26
1.39021   1.09242e+26
1.41809   1.07152e+26
1.44596   1.05139e+26
1.47383   1.032e+26
1.5017   1.01331e+26
1.52958   9.95263e+25
1.55745   9.77838e+25
1.58532   9.60997e+25
1.61319   9.44711e+25
1.64107   9.28949e+25
1.66894   9.13685e+25
1.69681   8.98894e+25
1.72468   8.84551e+25
1.75256   8.70634e+25
1.78043   8.57123e+25
1.8083   8.43998e+25
1.83617   8.31241e+25
1.86405   8.18834e+25
1.89192   8.06761e+25
1.91979   7.95006e+25
1.94766   7.83556e+25
1.97553   7.72397e+25
2.00341   7.61515e+25
2.03128   7.50899e+25
2.05915   7.40537e+25
2.08702   7.30418e+25
2.1149   7.20533e+25
2.14277   7.1087e+25
2.17064   7.01422e+25
2.19851   6.92178e+25
2.22639   6.83132e+25
2.25426   6.74275e+25
2.28213   6.65599e+25
2.31   6.57098e+25
2.33788   6.48764e+25
2.36575   6.40592e+25
2.39362   6.32575e+25
2.42149   6.24707e+25
2.44937   6.16983e+25
2.47724   6.09398e+25
2.50511   6.01946e+25
2.53298   5.94622e+25
2.56086   5.87423e+25
2.58873   5.80343e+25
2.6166   5.7338e+25
2.64447   5.66527e+25
2.67235   5.59783e+25
2.70022   5.53143e+25
2.72809   5.46604e+25
2.75596   5.37926e+25
2.78384   5.28937e+25
2.81171   5.20141e+25
2.83958   5.11532e+25
2.86745   5.03102e+25
2.89532   4.94847e+25
2.9232   4.8676e+25
2.95107   4.78837e+25
2.97894   4.71071e+25
3.00681   4.63459e+25
3.03469   4.55995e+25
3.06256   4.48675e+25
3.09043   4.41495e+25
3.1183   4.3445e+25
3.14618   4.27536e+25
3.17405   4.20751e+25
3.20192   4.14089e+25
3.22979   4.07548e+25
3.25767   4.01124e+25
3.28554   3.94814e+25
3.31341   3.88616e+25
3.34128   3.82525e+25
3.36916   3.7654e+25
3.39703   3.70658e+25
3.4249   3.64876e+25
3.45277   3.59191e+25
3.48065   3.53601e+25
3.50852   3.48104e+25
3.53639   3.42698e+25
3.56426   3.37381e+25
3.59214   3.3215e+25
3.62001   3.27004e+25
3.64788   3.2194e+25
3.67575   3.16957e+25
3.70362   3.12054e+25
3.7315   3.07228e+25
3.75937   3.02478e+25
3.78724   2.97802e+25
3.81511   2.93199e+25
3.84299   2.88667e+25
3.87086   2.84205e+25
3.89873   2.79812e+25
3.9266   2.75486e+25
3.95448   2.71227e+25
3.98235   2.67032e+25
4.01022   2.62901e+25
4.03809   2.58832e+25
4.06597   2.54825e+25
4.09384   2.50878e+25
4.12171   2.4699e+25
4.14958   2.43161e+25
4.17746   2.39389e+25
4.20533   2.35674e+25
4.2332   2.32014e+25
4.26107   2.28408e+25
4.28895   2.24857e+25
4.31682   2.21358e+25
4.34469   2.17911e+25
4.37256   2.14516e+25
4.40044   2.11171e+25
4.42831   2.07876e+25
4.45618   2.0463e+25
4.48405   2.01432e+25
4.51193   1.98282e+25
4.5398   1.95179e+25
4.56767   1.92122e+25
4.59554   1.8911e+25
4.62341   1.86144e+25
4.65129   1.83221e+25
4.67916   1.80343e+25
4.70703   1.77507e+25
4.7349   1.74714e+25
4.76278   1.71963e+25
4.79065   1.69253e+25
4.81852   1.66584e+25
4.84639   1.63956e+25
4.87427   1.61366e+25
4.90214   1.58816e+25
4.93001   1.56305e+25
4.95788   1.53832e+25
4.98576   1.51396e+25
5.01363   1.48997e+25
5.0415   1.46635e+25
5.06937   1.44309e+25
5.09725   1.42018e+25
5.12512   1.39763e+25
5.15299   1.37542e+25
5.18086   1.35355e+25
5.20874   1.33202e+25
5.23661   1.31083e+25
5.26448   1.28996e+25
5.29235   1.26941e+25
5.32023   1.24919e+25
5.3481   1.22928e+25
5.37597   1.20968e+25
5.40384   1.19038e+25
5.43172   1.17139e+25
5.45959   1.1527e+25
5.48746   1.1343e+25
5.51533   1.11619e+25
5.5432   1.09836e+25
5.57108   1.08082e+25
5.59895   1.06356e+25
5.62682   1.04657e+25
5.65469   1.02985e+25
5.68257   1.01339e+25
5.71044   9.97203e+24
5.73831   9.81271e+24
5.76618   9.65594e+24
5.79406   9.50169e+24
5.82193   9.34991e+24
5.8498   9.20058e+24
5.87767   9.05365e+24
5.90555   8.9091e+24
5.93342   8.76688e+24
5.96129   8.62697e+24
5.98916   8.48932e+24
6.01704   8.35391e+24
6.04491   8.22071e+24
6.07278   8.08967e+24
6.10065   7.96077e+24
6.12853   7.83398e+24
6.1564   7.70926e+24
6.18427   7.58658e+24
6.21214   7.46591e+24
6.24002   7.34722e+24
6.26789   7.23048e+24
6.29576   7.11566e+24
6.32363   7.00274e+24
6.35151   6.89167e+24
6.37938   6.78243e+24
6.40725   6.675e+24
6.43512   6.56934e+24
6.46299   6.46543e+24
6.49087   6.36324e+24
6.51874   6.26274e+24
6.54661   6.16391e+24
6.57448   6.06672e+24
6.60236   5.97114e+24
6.63023   5.87714e+24
6.6581   5.78471e+24
6.68597   5.69382e+24
6.71385   5.60443e+24
6.74172   5.51654e+24
6.76959   5.43011e+24
6.79746   5.34511e+24
6.82534   5.26154e+24
6.85321   5.17935e+24
6.88108   5.09854e+24
6.90895   5.01907e+24
6.93683   4.94093e+24
6.9647   4.86409e+24
6.99257   4.78853e+24
7.02044   4.71423e+24
7.04832   4.64118e+24
7.07619   4.56934e+24
7.10406   4.4987e+24
7.13193   4.42924e+24
7.15981   4.36093e+24
7.18768   4.29377e+24
7.21555   4.22773e+24
7.24342   4.16279e+24
7.2713   4.09893e+24
7.29917   4.03613e+24
7.32704   3.97438e+24
7.35491   3.91366e+24
7.38278   3.85396e+24
7.41066   3.79524e+24
7.43853   3.7375e+24
7.4664   3.68073e+24
7.49427   3.6249e+24
7.52215   3.56999e+24
7.55002   3.516e+24
7.57789   3.4629e+24
7.60576   3.41069e+24
7.63364   3.35934e+24
7.66151   3.30884e+24
7.68938   3.25918e+24
7.71725   3.21034e+24
7.74513   3.16231e+24
7.773   3.11507e+24
7.80087   3.06862e+24
7.82874   3.02293e+24
7.85662   2.97799e+24
7.88449   2.9338e+24
7.91236   2.89033e+24
7.94023   2.84758e+24
7.96811   2.80553e+24
7.99598   2.76417e+24
8.02385   2.7235e+24
8.05172   2.68348e+24
8.0796   2.64413e+24
8.10747   2.60542e+24
8.13534   2.56734e+24
8.16321   2.52988e+24
8.19108   2.49304e+24
8.21896   2.45679e+24
8.24683   2.42114e+24
8.2747   2.38607e+24
8.30257   2.35156e+24
8.33045   2.31762e+24
8.35832   2.28422e+24
8.38619   2.25137e+24
8.41406   2.21905e+24
8.44194   2.18725e+24
8.46981   2.15597e+24
8.49768   2.12519e+24
8.52555   2.0949e+24
8.55343   2.06511e+24
8.5813   2.03579e+24
8.60917   2.00694e+24
8.63704   1.97855e+24
8.66492   1.95062e+24
8.69279   1.92314e+24
8.72066   1.89609e+24
8.74853   1.86947e+24
8.77641   1.84328e+24
8.80428   1.81751e+24
8.83215   1.79214e+24
8.86002   1.76718e+24
8.8879   1.74261e+24
8.91577   1.71843e+24
8.94364   1.69463e+24
8.97151   1.67121e+24
8.99939   1.64815e+24
9.02726   1.62546e+24
9.05513   1.60312e+24
9.083   1.58114e+24
9.11087   1.5595e+24
9.13875   1.53819e+24
9.16662   1.51722e+24
9.19449   1.49658e+24
9.22236   1.47626e+24
9.25024   1.45625e+24
9.27811   1.43655e+24
9.30598   1.41716e+24
9.33385   1.39807e+24
9.36173   1.37927e+24
9.3896   1.36077e+24
9.41747   1.34254e+24
9.44534   1.3246e+24
9.47322   1.30694e+24
9.50109   1.28954e+24
9.52896   1.27241e+24
9.55683   1.25554e+24
9.58471   1.23893e+24
9.61258   1.22257e+24
9.64045   1.20646e+24
9.66832   1.1906e+24
9.6962   1.17497e+24
9.72407   1.15958e+24
9.75194   1.14443e+24
9.77981   1.1295e+24
9.80769   1.1148e+24
9.83556   1.10031e+24
9.86343   1.08605e+24
9.8913   1.072e+24
9.91918   1.05816e+24
9.94705   0
9.97492   0
10.0028   0
10.0307   0
10.0585   0
10.0864   0
10.1143   0
10.1422   0
10.17   0
10.1979   0
10.2258   0
10.2536   0
10.2815   0
10.3094   0
10.3373   0
10.3651   0
10.393   0
10.4209   0
10.4488   0
10.4766   0
10.5045   0
10.5324   0
10.5602   0
10.5881   0
10.616   0
10.6439   0
10.6717   0
10.6996   0
10.7275   0
10.7553   0
10.7832   0
10.8111   0
10.839   0
10.8668   0
10.8947   0
10.9226   0
10.9505   0
10.9783   0
11.0062   0
11.0341   0
11.0619   0
11.0898   0
11.1177   0
11.1456   0
11.1734   0
11.2013   0
11.2292   0
11.2571   0
11.2849   0
11.3128   0
11.3407   0
11.3685   0
11.3964   0
11.4243   0
11.4522   0
11.48   0
11.5079   0
11.5358   0
11.5636   0
11.5915   0
11.6194   0
11.6473   0
11.6751   0
11.703   0
11.7309   0
11.7588   0
11.7866   0
11.8145   0
11.8424   0
11.8702   0
11.8981   0
11.926   0
11.9539   0
11.9817   0
12.0096   0
12.0375   0
12.0654   0
12.0932   0
12.1211   0
12.149   0
12.1768   0
12.2047   0
12.2326   0
12.2605   0
12.2883   0
12.3162   0
12.3441   0
12.3719   0
12.3998   0
12.4277   0
12.4556   0
12.4834   0
12.5113   0
12.5392   0
12.5671   0
12.5949   0
12.6228   0
12.6507   0
12.6785   0
12.7064   0
12.7343   0
12.7622   0
12.79   0
12.8179   0
12.8458   0
12.8737   0
12.9015   0
12.9294   0
12.9573   0
12.9851   0
13.013   0
13.0409   0
13.0688   0
13.0966   0
13.1245   0
13.1524   0
13.1802   0
13.2081   0
13.236   0
13.2639   0
13.2917   0
13.3196   0
13.3475   0
13.3754   0
13.4032   0
13.4311   0
13.459   0
13.4868   0
13.5147   0
13.5426   0
13.5705   0
13.5983   0
13.6262   0
13.6541   0
13.682   0
13.7098   0
13.7377   0
13.7656   0
13.7934   0
13.8213   0
13.8492   0
13.8771   0
13.9049   0
13.9328   0
13.9607   0
13.9885   0
14.0164   0
14.0443   0
14.0722   0
14.1   0
14.1279   0
14.1558   0
14.1837   0
14.2115   0
14.2394   0
14.2673   0
14.2951   0
14.323   0
14.3509   0
14.3788   0
14.4066   0
14.4345   0
14.4624   0
14.4903   0
14.5181   0
14.546   0
14.5739   0
14.6017   0
14.6296   0
14.6575   0
14.6854   0
14.7132   0
14.7411   0
14.769   0
14.7968   0
14.8247   0
14.8526   0
14.8805   0
14.9083   0
