1   9.40109e+29
1.05956   8.85986e+29
1.12267   8.35506e+29
1.18953   7.88419e+29
1.26038   7.44485e+29
1.33545   7.03483e+29
1.41499   6.65204e+29
1.49927   6.29453e+29
1.58857   5.96049e+29
1.68318   5.64822e+29
1.78343   5.35614e+29
1.88965   5.08279e+29
2.0022   4.8268e+29
2.12145   4.58692e+29
2.24781   4.36197e+29
2.38169   4.15087e+29
2.52354   3.95263e+29
2.67384   3.7663e+29
2.8331   3.59104e+29
3.00184   3.42605e+29
3.18063   3.27061e+29
3.37006   3.12404e+29
3.57079   2.98571e+29
3.78346   2.85506e+29
4.00881   2.73154e+29
4.24757   2.61468e+29
4.50056   2.50402e+29
4.76861   2.39914e+29
5.05263   2.29966e+29
5.35357   2.20523e+29
5.67243   2.11551e+29
6.01028   2.03021e+29
6.36825   1.94904e+29
6.74754   1.87175e+29
7.14943   1.79811e+29
7.57525   1.72788e+29
8.02643   1.66088e+29
8.50449   1.59691e+29
9.01102   1.5358e+29
9.54772   1.4774e+29
10.1164   1.42155e+29
10.7189   1.36813e+29
11.3573   1.31701e+29
12.0338   1.26807e+29
12.7505   1.22121e+29
13.5099   1.17633e+29
14.3146   1.13334e+29
15.1672   1.09215e+29
16.0705   1.0527e+29
17.0277   1.01491e+29
18.0419   9.78704e+28
19.1164   9.44034e+28
20.255   9.10838e+28
21.4614   8.79062e+28
22.7397   8.48656e+28
24.094   8.19573e+28
25.5291   7.91767e+28
27.0496   7.65195e+28
28.6607   7.39816e+28
30.3677   7.1559e+28
32.1764   6.92479e+28
34.0929   6.70444e+28
36.1234   6.49448e+28
38.2749   6.29452e+28
40.5546   6.10421e+28
42.97   5.92317e+28
45.5294   5.75102e+28
48.2411   5.58738e+28
51.1143   5.43187e+28
54.1587   5.2841e+28
57.3844   5.14368e+28
60.8022   5.01021e+28
64.4236   4.88328e+28
68.2607   4.76249e+28
72.3263   4.64744e+28
76.6341   4.53771e+28
81.1984   4.4329e+28
86.0346   4.33262e+28
91.1589   4.23646e+28
96.5883   4.14403e+28
102.341   4.05497e+28
108.437   3.9689e+28
114.895   3.88547e+28
121.738   3.80435e+28
128.989   3.72523e+28
136.672   3.64781e+28
144.812   3.57182e+28
153.437   3.49702e+28
162.576   3.42317e+28
172.259   3.35009e+28
182.518   3.27759e+28
193.389   3.20553e+28
204.907   3.13377e+28
217.112   3.06223e+28
230.043   2.9908e+28
243.744   2.91943e+28
258.262   2.84807e+28
273.644   2.77668e+28
289.942   2.70524e+28
307.211   2.63374e+28
325.509   2.56215e+28
344.896   2.49047e+28
365.438   2.41866e+28
387.204   2.3467e+28
410.266   2.27453e+28
434.701   2.2021e+28
460.592   2.1293e+28
488.025   2.05602e+28
517.092   1.98211e+28
547.89   1.90739e+28
580.523   1.83166e+28
615.099   1.75468e+28
651.734   1.67622e+28
690.551   1.59604e+28
731.681   1.51395e+28
775.26   1.42977e+28
821.434   1.34345e+28
870.359   1.25505e+28
922.198   1.16477e+28
977.124   1.07303e+28
1035.32   9.80416e+27
1096.99   8.87754e+27
1162.32   7.9603e+27
1231.55   7.06366e+27
1304.9   6.19943e+27
1382.62   5.37914e+27
1464.97   4.61316e+27
1552.23   3.90992e+27
1644.68   3.27528e+27
1742.63   2.71229e+27
1846.42   2.22117e+27
1956.4   1.79964e+27
2072.92   1.44336e+27
2196.39   1.14655e+27
2327.2   9.02611e+26
2465.81   7.04584e+26
2612.68   5.45645e+26
2768.29   4.1939e+26
2933.17   3.20035e+26
3107.87   2.42509e+26
3292.97   1.82483e+26
3489.1   1.36331e+26
3696.91   1.01076e+26
3917.1   7.43068e+25
4150.4   5.40949e+25
4397.6   3.89167e+25
4659.53   2.75784e+25
4937.05   5.78172e+24
5231.1   2.02432e+24
5542.66   6.90545e+23
5872.79   2.4148e+23
6222.57   8.82169e+22
6593.19   3.38461e+22
6985.88   1.36409e+22
7401.96   5.76579e+21
7842.82   2.55031e+21
8309.94   1.17763e+21
8804.88   5.66346e+20
9329.3   2.8302e+20
9884.96   1.46643e+20
10473.7   7.8617e+19
11097.5   4.35234e+19
11758.5   2.48353e+19
12458.8   1.45811e+19
13200.9   8.79331e+18
13987.1   5.43839e+18
14820.2   3.44419e+18
15702.9   2.2304e+18
16638.2   1.4749e+18
17629.1   9.94641e+17
18679.1   6.8321e+17
19791.7   4.77434e+17
20970.5   3.39039e+17
22219.5   2.44393e+17
23542.9   1.78635e+17
24945.1   1.32263e+17
26430.8   9.90982e+16
28005   7.50602e+16
29673   5.74161e+16
31440.4   4.43089e+16
33312.9   3.44603e+16
35297.1   2.69789e+16
37399.4   2.12359e+16
39626.9   1.67823e+16
41987.1   1.32942e+16
44487.8   1.05356e+16
47137.5   8.33277e+15
49945.1   6.5568e+15
52919.8   5.11156e+15
56071.7   3.92521e+15
59411.3   2.94445e+15
62949.9   2.13089e+15
66699.2   1.45882e+15
70671.8   9.1428e+14
74881   4.94477e+14
79341   2.05263e+14
84066.5   5.05642e+13
89073.5   5.91801e+12
94378.8   7.2954e+11
100000   1.81616e+17
