1   1.38884e+94
1.05956   1.27106e+94
1.12267   1.16606e+94
1.18953   1.07248e+94
1.26038   9.89204e+93
1.33545   9.13858e+93
1.41499   8.45996e+93
1.49927   7.84598e+93
1.58857   7.29274e+93
1.68318   6.78513e+93
1.78343   6.322e+93
1.88965   5.89811e+93
2.0022   5.5136e+93
2.12145   5.15522e+93
2.24781   4.82593e+93
2.38169   4.52212e+93
2.52354   4.24132e+93
2.67384   3.98143e+93
2.8331   3.74383e+93
3.00184   3.52048e+93
3.18063   3.3132e+93
3.37006   3.12048e+93
3.57079   2.94106e+93
3.78346   2.77383e+93
4.00881   2.61778e+93
4.24757   2.47474e+93
4.50056   2.33793e+93
4.76861   2.21001e+93
5.05263   2.08976e+93
5.35357   1.9764e+93
5.67243   1.86926e+93
6.01028   1.7677e+93
6.36825   1.67116e+93
6.74754   1.57908e+93
7.14943   1.49097e+93
7.57525   1.40638e+93
8.02643   1.32489e+93
8.50449   1.24627e+93
9.01102   1.17173e+93
9.54772   1.09767e+93
10.1164   1.02529e+93
10.7189   9.54298e+92
11.3573   8.84507e+92
12.0338   8.15781e+92
12.7505   7.48073e+92
13.5099   6.81448e+92
14.3146   6.16109e+92
15.1672   5.52434e+92
16.0705   4.90982e+92
17.0277   4.32469e+92
18.0419   3.7832e+92
19.1164   3.29891e+92
20.255   2.88798e+92
21.4614   2.5674e+92
22.7397   2.35263e+92
24.094   2.25396e+92
25.5291   2.27198e+92
27.0496   2.39331e+92
28.6607   2.58852e+92
30.3677   2.81444e+92
32.1764   3.02247e+92
34.0929   3.17171e+92
36.1234   3.24181e+92
38.2749   3.23825e+92
40.5546   3.18502e+92
42.97   3.10919e+92
45.5294   3.02797e+92
48.2411   2.94738e+92
51.1143   2.87015e+92
54.1587   2.79822e+92
57.3844   2.7305e+92
60.8022   2.66925e+92
64.4236   2.61105e+92
68.2607   2.55443e+92
72.3263   2.49876e+92
76.6341   2.44345e+92
81.1984   2.38825e+92
86.0346   2.33267e+92
91.1589   2.277e+92
96.5883   2.2207e+92
102.341   2.16384e+92
108.437   2.10623e+92
114.895   2.04829e+92
121.738   1.98966e+92
128.989   1.93083e+92
136.672   1.87163e+92
144.812   1.81241e+92
153.437   1.75269e+92
162.576   1.69362e+92
172.259   1.63471e+92
182.518   1.57619e+92
193.389   1.5184e+92
204.907   1.46131e+92
217.112   1.40517e+92
230.043   1.35028e+92
243.744   1.29609e+92
258.262   1.24338e+92
273.644   1.19192e+92
289.942   1.14161e+92
307.211   1.09325e+92
325.509   1.04613e+92
344.896   1.00041e+92
365.438   9.5632e+91
387.204   9.13615e+91
410.266   8.72594e+91
434.701   8.33206e+91
460.592   7.95337e+91
488.025   7.58866e+91
517.092   7.23953e+91
547.89   6.90524e+91
580.523   6.58416e+91
615.099   6.27747e+91
651.734   5.98446e+91
690.551   5.7045e+91
731.681   5.437e+91
775.26   5.18277e+91
821.434   4.93967e+91
870.359   4.70871e+91
922.198   4.48863e+91
977.124   4.27908e+91
1035.32   4.08009e+91
1096.99   3.89113e+91
1162.32   3.71074e+91
1231.55   3.5391e+91
1304.9   3.37779e+91
1382.62   3.22377e+91
1464.97   3.07797e+91
1552.23   2.93966e+91
1644.68   2.80845e+91
1742.63   2.68447e+91
1846.42   2.5667e+91
1956.4   2.45552e+91
2072.92   2.35043e+91
2196.39   2.25122e+91
2327.2   2.1578e+91
2465.81   2.06978e+91
2612.68   1.98722e+91
2768.29   1.90986e+91
2933.17   1.83756e+91
3107.87   1.7706e+91
3292.97   1.70855e+91
3489.1   1.6517e+91
3696.91   1.60001e+91
3917.1   1.55353e+91
4150.4   1.5125e+91
4397.6   1.47701e+91
4659.53   1.44722e+91
4937.05   1.42344e+91
5231.1   1.40574e+91
5542.66   1.39421e+91
5872.79   1.3888e+91
6222.57   1.38925e+91
6593.19   1.39478e+91
6985.88   1.40403e+91
7401.96   1.41472e+91
7842.82   1.42332e+91
8309.94   1.42465e+91
8804.88   1.41168e+91
9329.3   1.37566e+91
9884.96   1.30693e+91
10473.7   1.19708e+91
11097.5   1.04234e+91
11758.5   8.48231e+90
12458.8   6.31899e+90
13200.9   4.20881e+90
13987.1   2.44188e+90
14820.2   1.20059e+90
15702.9   4.86697e+89
16638.2   1.58486e+89
17629.1   4.04951e+88
18679.1   7.95672e+87
19791.7   1.18229e+87
20970.5   1.31093e+86
22219.5   1.07352e+85
23542.9   6.44114e+83
24945.1   2.81489e+82
26430.8   8.92057e+80
28005   2.04344e+79
29673   3.37536e+77
31440.4   4.01346e+75
33312.9   3.43087e+73
35297.1   2.10655e+71
37399.4   9.28371e+68
39626.9   2.93513e+66
41987.1   6.65465e+63
44487.8   1.08176e+61
47137.5   1.26029e+58
49945.1   1.05214e+55
52919.8   6.29337e+51
56071.7   2.69684e+48
59411.3   8.27792e+44
62949.9   1.81986e+41
66699.2   2.86533e+37
70671.8   3.23056e+33
74881   2.60796e+29
79341   1.50743e+25
84066.5   6.23758e+20
89073.5   1.8476e+16
94378.8   3.91734e+11
100000   0
