1   3.89714e+26
1.02334   3.81298e+26
1.04723   3.73119e+26
1.07167   3.65167e+26
1.09668   3.57437e+26
1.12228   3.49921e+26
1.14847   3.42614e+26
1.17528   3.35509e+26
1.20271   3.28599e+26
1.23078   3.2188e+26
1.25951   3.15345e+26
1.2889   3.08989e+26
1.31899   3.02805e+26
1.34977   2.9679e+26
1.38128   2.90937e+26
1.41352   2.85242e+26
1.44651   2.797e+26
1.48027   2.74307e+26
1.51482   2.69057e+26
1.55018   2.63946e+26
1.58636   2.58971e+26
1.62338   2.54126e+26
1.66127   2.49408e+26
1.70005   2.44813e+26
1.73973   2.40338e+26
1.78033   2.35978e+26
1.82189   2.3173e+26
1.86441   2.2759e+26
1.90792   2.23556e+26
1.95246   2.19624e+26
1.99803   2.1579e+26
2.04466   2.12053e+26
2.09238   2.08408e+26
2.14122   2.04853e+26
2.1912   2.01386e+26
2.24234   1.98003e+26
2.29468   1.94702e+26
2.34823   1.9148e+26
2.40304   1.88335e+26
2.45913   1.85264e+26
2.51653   1.82265e+26
2.57526   1.79336e+26
2.63537   1.76474e+26
2.69688   1.73678e+26
2.75983   1.70944e+26
2.82424   1.68272e+26
2.89016   1.65657e+26
2.95762   1.631e+26
3.02665   1.60597e+26
3.09729   1.58146e+26
3.16958   1.55746e+26
3.24356   1.53394e+26
3.31927   1.51088e+26
3.39674   1.48826e+26
3.47602   1.46606e+26
3.55715   1.44426e+26
3.64017   1.42283e+26
3.72514   1.40176e+26
3.81208   1.38102e+26
3.90106   1.36059e+26
3.99211   1.34045e+26
4.08529   1.32056e+26
4.18064   1.30091e+26
4.27821   1.28147e+26
4.37807   1.26221e+26
4.48025   1.2431e+26
4.58482   1.22412e+26
4.69183   1.20523e+26
4.80134   1.1864e+26
4.91341   1.16761e+26
5.02809   1.14881e+26
5.14544   1.12998e+26
5.26554   1.11107e+26
5.38844   1.09206e+26
5.51421   1.0729e+26
5.64291   1.05356e+26
5.77462   1.03401e+26
5.9094   1.0142e+26
6.04732   9.941e+25
6.18847   9.73677e+25
6.33291   9.52897e+25
6.48072   9.31729e+25
6.63198   9.10145e+25
6.78677   8.88122e+25
6.94518   8.65639e+25
7.10728   8.42683e+25
7.27317   8.19246e+25
7.44292   7.95325e+25
7.61664   7.70927e+25
7.79442   7.46067e+25
7.97634   7.20766e+25
8.16251   6.95057e+25
8.35302   6.68981e+25
8.54798   6.42589e+25
8.7475   6.15942e+25
8.95166   5.89106e+25
9.1606   5.6216e+25
9.37441   5.35186e+25
9.59321   5.08273e+25
9.81712   4.81515e+25
10.0463   4.55007e+25
10.2807   4.28846e+25
10.5207   4.03128e+25
10.7662   3.77946e+25
11.0175   3.53388e+25
11.2747   3.29538e+25
11.5378   3.0647e+25
11.8071   2.8425e+25
12.0827   2.62935e+25
12.3647   2.42572e+25
12.6533   2.23196e+25
12.9486   2.04833e+25
13.2509   1.87497e+25
13.5602   1.71193e+25
13.8766   1.55917e+25
14.2005   1.41655e+25
14.532   1.28385e+25
14.8712   1.16082e+25
15.2183   1.0471e+25
15.5734   9.42333e+24
15.9369   8.46096e+24
16.3089   7.57952e+24
16.6896   6.77443e+24
17.0791   6.04102e+24
17.4777   5.37461e+24
17.8857   4.77054e+24
18.3031   4.22427e+24
18.7303   3.73136e+24
19.1675   3.28756e+24
19.6149   2.88878e+24
20.0727   2.53117e+24
20.5412   2.21109e+24
21.0206   1.92513e+24
21.5112   1.67009e+24
22.0133   6.9793e+23
22.5271   4.81974e+23
23.0529   3.23836e+23
23.591   2.13426e+23
24.1416   1.39014e+23
24.705   9.00394e+22
25.2817   5.826e+22
25.8717   3.77827e+22
26.4756   2.4613e+22
27.0935   1.61294e+22
27.7259   1.06429e+22
28.373   7.07501e+21
29.0353   4.73982e+21
29.713   3.20061e+21
30.4065   2.17851e+21
31.1162   1.49461e+21
31.8424   1.0335e+21
32.5856   7.20218e+20
33.3462   5.05744e+20
34.1245   3.57811e+20
34.921   2.5502e+20
35.736   1.83072e+20
36.5701   1.32354e+20
37.4237   9.6351e+19
38.2971   7.06175e+19
39.191   5.21005e+19
40.1057   3.86885e+19
41.0418   2.89117e+19
41.9997   2.17397e+19
42.98   1.64461e+19
43.9832   1.25155e+19
45.0098   9.57959e+18
46.0603   7.37406e+18
47.1353   5.70786e+18
48.2355   4.44216e+18
49.3613   3.4755e+18
50.5134   2.73334e+18
51.6924   2.16059e+18
52.8989   1.71635e+18
54.1336   1.37009e+18
55.3971   1.09889e+18
56.6901   8.85484e+17
58.0132   7.16773e+17
59.3673   5.82797e+17
60.7529   4.75932e+17
62.1709   3.90325e+17
63.622   3.21456e+17
65.1069   2.65823e+17
66.6265   2.20701e+17
68.1816   1.83958e+17
69.773   1.53922e+17
71.4015   1.29275e+17
73.068   1.08977e+17
74.7735   9.21975e+16
76.5187   7.82784e+16
78.3047   6.66917e+16
80.1323   5.70135e+16
82.0026   4.89027e+16
83.9166   4.2083e+16
85.8752   3.63306e+16
87.8795   3.14633e+16
89.9307   2.73323e+16
92.0297   2.38156e+16
94.1777   2.08131e+16
96.3758   1.82423e+16
98.6252   1.60348e+16
100.927   1.41341e+16
103.283   1.24931e+16
105.693   1.10726e+16
108.16   9.83978e+15
110.685   8.76712e+15
113.268   7.83148e+15
115.912   7.0134e+15
118.617   6.29639e+15
121.386   5.66649e+15
124.219   5.11186e+15
127.118   4.62242e+15
130.085   4.18956e+15
133.122   3.80591e+15
136.229   3.46518e+15
139.408   3.16194e+15
142.662   2.89152e+15
145.992   2.6499e+15
149.399   2.4336e+15
152.886   2.2396e+15
156.455   2.06529e+15
160.106   1.90838e+15
163.843   1.7669e+15
167.668   1.6391e+15
171.581   1.52348e+15
175.586   1.4187e+15
179.684   1.32359e+15
183.878   1.23714e+15
188.169   1.15844e+15
192.561   1.08668e+15
197.056   1.02117e+15
201.655   9.61274e+14
206.362   9.06444e+14
211.178   8.56186e+14
216.107   8.10063e+14
221.151   7.67685e+14
226.313   7.28703e+14
231.595   6.92807e+14
237.001   6.59719e+14
242.532   6.2919e+14
248.193   6.00995e+14
253.986   5.74935e+14
259.914   5.50829e+14
265.98   5.28514e+14
272.188   5.07843e+14
278.541   4.88684e+14
285.043   4.70917e+14
291.696   4.54433e+14
298.504   4.39133e+14
305.471   4.24928e+14
312.601   4.11736e+14
319.897   3.99482e+14
327.363   3.88096e+14
335.004   3.77514e+14
342.823   3.67678e+14
350.825   3.58532e+14
359.013   3.50023e+14
367.392   3.421e+14
375.967   3.34717e+14
384.743   3.27825e+14
393.723   3.21381e+14
402.912   3.15342e+14
412.316   3.09667e+14
421.94   3.0432e+14
431.788   2.99272e+14
441.866   2.94499e+14
452.179   2.89984e+14
462.733   2.85714e+14
473.533   2.81675e+14
484.586   6.08341e+12
495.896   5.82881e+12
507.471   5.58789e+12
519.315   5.35978e+12
531.436   5.14367e+12
543.84   4.93879e+12
556.533   4.74445e+12
569.523   4.55999e+12
582.815   4.38481e+12
596.418   4.21835e+12
610.339   4.06009e+12
624.584   3.90954e+12
639.162   3.76624e+12
654.081   3.62978e+12
669.347   3.49977e+12
684.97   3.37582e+12
700.957   3.25761e+12
717.317   3.14481e+12
734.06   3.03712e+12
751.193   2.93426e+12
768.726   2.83597e+12
786.668   2.742e+12
805.029   2.65212e+12
823.819   2.56612e+12
843.047   2.48379e+12
862.724   2.40493e+12
882.86   2.32938e+12
903.466   2.25696e+12
924.553   2.18751e+12
946.132   2.12089e+12
968.215   2.05696e+12
990.814   1.99558e+12
1013.94   1.93663e+12
1037.61   1.87998e+12
1061.82   1.82554e+12
1086.61   1.77319e+12
1111.97   1.72284e+12
1137.92   1.67439e+12
1164.48   1.62776e+12
1191.66   1.58285e+12
1219.47   1.5396e+12
1247.94   1.49793e+12
1277.06   1.45776e+12
1306.87   1.41903e+12
1337.37   1.38167e+12
1368.59   1.34562e+12
1400.53   1.31083e+12
1433.22   1.27724e+12
1466.67   1.2448e+12
1500.9   1.21346e+12
1535.93   1.18317e+12
1571.78   1.15389e+12
1608.47   1.12558e+12
1646.01   1.09819e+12
1684.43   1.07169e+12
1723.74   1.04604e+12
1763.98   1.02121e+12
1805.15   9.9716e+11
1847.28   9.73857e+11
1890.4   9.51275e+11
1934.52   9.29385e+11
1979.67   9.08158e+11
2025.88   8.87569e+11
2073.16   8.67592e+11
2121.55   8.48204e+11
2171.07   8.29383e+11
2221.74   8.11105e+11
2273.6   7.93351e+11
2326.66   7.76102e+11
2380.97   7.59337e+11
2436.54   7.43039e+11
2493.41   7.2719e+11
2551.61   7.11774e+11
2611.16   6.96775e+11
2672.11   6.82177e+11
2734.47   6.67968e+11
2798.3   6.54133e+11
2863.61   6.40658e+11
2930.45   6.27531e+11
2998.84   6.1474e+11
3068.84   6.02273e+11
3140.47   5.90119e+11
3213.76   5.78269e+11
3288.77   5.66711e+11
3365.53   5.55436e+11
3444.09   5.44435e+11
3524.47   5.33698e+11
3606.73   5.23281e+11
3690.92   5.13051e+11
3777.06   5.03061e+11
3865.22   4.93305e+11
3955.44   4.83774e+11
4047.76   4.74464e+11
4142.23   4.65366e+11
4238.91   4.56475e+11
4337.85   4.47784e+11
4439.1   4.39288e+11
4542.71   4.30982e+11
4648.73   4.22859e+11
4757.24   4.14916e+11
4868.27   4.07146e+11
4981.9   3.99546e+11
5098.18   3.92113e+11
5217.17   3.84839e+11
5338.94   3.77721e+11
5463.55   3.70756e+11
5591.07   3.63939e+11
5721.57   3.57267e+11
5855.11   3.50737e+11
5991.77   3.44344e+11
6131.62   3.38086e+11
6274.73   3.31959e+11
6421.19   3.2596e+11
6571.06   3.20087e+11
6724.43   3.14336e+11
6881.38   3.08705e+11
7041.99   3.03191e+11
7206.35   2.97791e+11
7374.55   2.92505e+11
7546.67   2.87326e+11
7722.81   2.82256e+11
7903.07   2.7729e+11
8087.52   2.72427e+11
8276.29   2.67664e+11
8469.46   2.63e+11
8667.14   2.58433e+11
8869.43   2.5396e+11
9076.45   2.4958e+11
9288.29   2.45291e+11
9505.08   2.4109e+11
9726.93   2.36978e+11
9953.96   2.32951e+11
10186.3   2.29009e+11
10424   2.25149e+11
10667.3   2.2137e+11
10916.3   2.1767e+11
11171.1   2.14049e+11
11431.8   2.10504e+11
11698.7   2.07034e+11
11971.7   2.03639e+11
12251.1   2.00316e+11
12537.1   1.97064e+11
12829.7   1.93884e+11
13129.1   1.90772e+11
13435.6   1.87727e+11
13749.2   1.84751e+11
14070.1   1.81839e+11
14398.5   1.78992e+11
14734.5   1.76208e+11
15078.5   1.73487e+11
15430.4   1.70828e+11
15790.5   1.68229e+11
16159.1   1.65691e+11
16536.2   1.63211e+11
16922.2   1.6079e+11
17317.2   1.58426e+11
17721.4   1.56118e+11
18135   1.53866e+11
18558.3   1.5167e+11
18991.4   1.49528e+11
19434.7   1.47441e+11
19888.3   1.45406e+11
20352.5   1.43424e+11
20827.5   1.41494e+11
21313.6   1.39616e+11
21811.1   1.37789e+11
22320.2   1.36013e+11
22841.1   1.34287e+11
23374.2   1.32611e+11
23919.8   1.30985e+11
24478.1   1.29409e+11
25049.4   1.27882e+11
25634.1   1.26405e+11
26232.4   1.24977e+11
26844.6   1.23597e+11
27471.2   1.22267e+11
28112.4   1.20986e+11
28768.5   1.19754e+11
29440   1.18571e+11
30127.1   1.17438e+11
30830.3   1.16356e+11
31549.9   1.15324e+11
32286.3   1.14342e+11
33039.9   1.13413e+11
33811   1.12535e+11
34600.2   1.11711e+11
35407.7   1.10941e+11
36234.2   1.10226e+11
37079.9   1.09567e+11
37945.3   1.08967e+11
38831   1.08425e+11
39737.3   1.07945e+11
40664.8   1.07526e+11
41613.9   1.07173e+11
42585.2   1.06888e+11
43579.1   1.06672e+11
44596.3   1.0653e+11
45637.2   1.06464e+11
46702.3   1.06478e+11
47792.4   1.06577e+11
48907.9   1.06764e+11
50049.4   1.07047e+11
51217.6   1.07429e+11
52413   1.07918e+11
53636.3   1.08522e+11
54888.2   1.09248e+11
56169.3   1.10108e+11
57480.3   1.1111e+11
58821.9   1.12269e+11
60194.8   1.13599e+11
61599.8   1.15116e+11
63037.5   1.16839e+11
64508.8   1.18791e+11
66014.5   1.20998e+11
67555.3   1.23491e+11
69132   1.26307e+11
70745.6   1.29489e+11
72396.8   1.33089e+11
74086.6   1.37172e+11
75815.8   1.41814e+11
77585.3   1.47111e+11
79396.2   1.53179e+11
81249.3   1.60163e+11
83145.7   1.68239e+11
85086.3   1.77611e+11
87072.2   1.88481e+11
89104.5   2.00937e+11
91184.3   2.14461e+11
93312.5   2.25793e+11
95490.4   2.16197e+11
97719.2   0.0576669
100000   1.44565e+13
