1   7.51943e+30
6.66823   1.35411e+30
12.3365   8.08219e+29
18.0047   5.86483e+29
23.6729   4.61995e+29
29.3411   3.80828e+29
35.0094   3.23114e+29
40.6776   2.79684e+29
46.3458   2.45663e+29
52.0141   2.18202e+29
57.6823   1.95511e+29
63.3505   1.76404e+29
69.0187   1.60062e+29
74.687   1.45902e+29
80.3552   1.33495e+29
86.0234   1.22519e+29
91.6917   1.12729e+29
97.3599   1.03934e+29
103.028   9.59845e+28
108.696   8.87606e+28
114.365   8.21665e+28
120.033   7.61242e+28
125.701   7.05698e+28
131.369   6.54505e+28
137.037   6.07222e+28
142.706   5.63477e+28
148.374   5.22954e+28
154.042   4.8538e+28
159.71   4.50519e+28
165.379   4.18161e+28
171.047   3.88122e+28
176.715   3.60236e+28
182.383   3.34349e+28
188.052   3.10325e+28
193.72   2.88035e+28
199.388   2.67361e+28
205.056   2.48192e+28
210.724   2.28368e+28
216.393   2.09257e+28
222.061   1.91847e+28
227.729   1.75984e+28
233.397   1.61525e+28
239.066   1.48341e+28
244.734   1.36317e+28
250.402   1.25347e+28
256.07   1.15335e+28
261.739   1.06194e+28
267.407   9.78433e+27
273.075   9.02124e+27
278.743   8.32357e+27
284.411   7.68539e+27
290.08   7.10131e+27
295.748   6.56646e+27
301.416   6.07641e+27
307.084   5.62713e+27
312.753   5.21499e+27
318.421   4.83668e+27
324.089   4.48919e+27
329.757   4.16981e+27
335.426   3.87606e+27
341.094   3.60571e+27
346.762   3.35672e+27
352.43   3.12725e+27
358.098   2.91561e+27
363.767   2.72029e+27
369.435   2.53989e+27
375.103   2.37317e+27
380.771   2.21897e+27
386.44   2.07625e+27
392.108   1.94407e+27
397.776   1.82156e+27
403.444   1.70793e+27
409.112   1.60247e+27
414.781   1.50452e+27
420.449   1.41348e+27
426.117   1.32882e+27
431.785   1.25002e+27
437.454   1.17663e+27
443.122   1.10824e+27
448.79   1.04446e+27
454.458   9.84941e+26
460.127   9.29367e+26
465.795   8.77441e+26
471.463   8.28893e+26
477.131   7.83474e+26
482.799   7.40957e+26
488.468   7.01133e+26
494.136   6.63807e+26
499.804   6.28802e+26
505.472   5.95956e+26
511.141   5.65116e+26
516.809   5.36144e+26
522.477   5.08912e+26
528.145   4.83299e+26
533.814   4.59198e+26
539.482   4.36507e+26
545.15   4.15131e+26
550.818   3.94984e+26
556.486   3.75985e+26
562.155   3.58059e+26
567.823   3.41139e+26
573.491   3.25158e+26
579.159   3.10058e+26
584.828   2.95783e+26
590.496   2.82282e+26
596.164   2.69507e+26
601.832   2.57413e+26
607.5   2.45958e+26
613.169   2.35104e+26
618.837   2.24815e+26
624.505   2.15057e+26
630.173   2.05798e+26
635.842   1.9701e+26
641.51   1.88665e+26
647.178   1.80738e+26
652.846   1.73204e+26
658.515   1.66041e+26
664.183   1.59228e+26
669.851   1.52745e+26
675.519   1.46574e+26
681.187   1.40699e+26
686.856   1.35101e+26
692.524   1.29768e+26
698.192   1.24683e+26
703.86   1.19834e+26
709.529   1.15209e+26
715.197   1.10794e+26
720.865   1.0658e+26
726.533   1.02556e+26
732.202   9.87122e+25
737.87   9.50388e+25
743.538   9.15275e+25
749.206   8.81698e+25
754.874   0
760.543   0
766.211   0
771.879   0
777.547   0
783.216   0
788.884   0
794.552   0
800.22   0
805.888   0
811.557   0
817.225   0
822.893   0
828.561   0
834.23   0
839.898   0
845.566   0
851.234   0
856.903   0
862.571   0
868.239   0
873.907   0
879.575   0
885.244   0
890.912   0
896.58   0
902.248   0
907.917   0
913.585   0
919.253   0
924.921   0
930.59   0
936.258   0
941.926   0
947.594   0
953.262   0
958.931   0
964.599   0
970.267   0
975.935   0
981.604   0
987.272   0
992.94   0
998.608   0
1004.28   0
1009.94   0
1015.61   0
1021.28   0
1026.95   0
1032.62   0
1038.29   0
1043.95   0
1049.62   0
1055.29   0
1060.96   0
1066.63   0
1072.3   0
1077.96   0
1083.63   0
1089.3   0
1094.97   0
1100.64   0
1106.3   0
1111.97   0
1117.64   0
1123.31   0
1128.98   0
