1   1.20432e+36
1.05956   1.09947e+36
1.12267   1.0063e+36
1.18953   9.23567e+35
1.26038   8.50194e+35
1.33545   7.84072e+35
1.41499   7.24748e+35
1.49927   6.71292e+35
1.58857   6.23315e+35
1.68318   5.79487e+35
1.78343   5.39668e+35
1.88965   5.03376e+35
2.0022   4.7058e+35
2.12145   4.40141e+35
2.24781   4.12272e+35
2.38169   3.86642e+35
2.52354   3.63019e+35
2.67384   3.41202e+35
2.8331   3.21279e+35
3.00184   3.02576e+35
3.18063   2.85223e+35
3.37006   2.69085e+35
3.57079   2.54051e+35
3.78346   2.40022e+35
4.00881   2.26911e+35
4.24757   2.1487e+35
4.50056   2.03356e+35
4.76861   1.92588e+35
5.05263   1.82472e+35
5.35357   1.72956e+35
5.67243   1.63994e+35
6.01028   1.55548e+35
6.36825   1.47582e+35
6.74754   1.40062e+35
7.14943   1.3296e+35
7.57525   1.26249e+35
8.02643   1.19904e+35
8.50449   1.13904e+35
9.01102   1.08372e+35
9.54772   1.03024e+35
10.1164   9.79532e+34
10.7189   9.31393e+34
11.3573   8.85625e+34
12.0338   8.42039e+34
12.7505   8.00449e+34
13.5099   7.60671e+34
14.3146   7.2253e+34
15.1672   6.85854e+34
16.0705   6.50479e+34
17.0277   6.16247e+34
18.0419   5.83009e+34
19.1164   5.50625e+34
20.255   5.18965e+34
21.4614   4.87908e+34
22.7397   4.57349e+34
24.094   4.27201e+34
25.5291   3.97394e+34
27.0496   3.67889e+34
28.6607   3.38678e+34
30.3677   3.09792e+34
32.1764   2.8131e+34
34.0929   2.53361e+34
36.1234   2.26127e+34
38.2749   1.99842e+34
40.5546   1.7479e+34
42.97   1.51284e+34
45.5294   1.29645e+34
48.2411   1.10372e+34
51.1143   9.38591e+33
54.1587   8.05312e+33
57.3844   7.07906e+33
60.8022   6.49572e+33
64.4236   6.31733e+33
68.2607   6.52787e+33
72.3263   7.06896e+33
76.6341   7.83416e+33
81.1984   8.67719e+33
86.0346   9.43876e+33
91.1589   9.98823e+33
96.5883   1.02641e+34
102.341   1.02894e+34
108.437   1.01463e+34
114.895   9.92503e+33
121.738   9.68318e+33
128.989   9.43941e+33
136.672   9.20328e+33
144.812   8.98165e+33
153.437   8.77165e+33
162.576   8.57793e+33
172.259   8.39208e+33
182.518   8.21039e+33
193.389   8.0311e+33
204.907   7.8531e+33
217.112   7.67503e+33
230.043   7.49666e+33
243.744   7.31631e+33
258.262   7.13449e+33
273.644   6.95115e+33
289.942   6.76528e+33
307.211   6.57861e+33
325.509   6.39072e+33
344.896   6.1998e+33
365.438   6.00892e+33
387.204   5.81764e+33
410.266   5.62626e+33
434.701   5.43538e+33
460.592   5.2454e+33
488.025   5.05765e+33
517.092   4.87147e+33
547.89   4.68835e+33
580.523   4.50772e+33
615.099   4.33065e+33
651.734   4.15726e+33
690.551   3.98738e+33
731.681   3.82194e+33
775.26   3.66138e+33
821.434   3.50532e+33
870.359   3.35377e+33
922.198   3.2073e+33
977.124   3.06574e+33
1035.32   2.92928e+33
1096.99   2.79792e+33
1162.32   2.67092e+33
1231.55   2.54917e+33
1304.9   2.43238e+33
1382.62   2.32025e+33
1464.97   2.21273e+33
1552.23   2.10998e+33
1644.68   2.01183e+33
1742.63   1.91785e+33
1846.42   1.82803e+33
1956.4   1.74257e+33
2072.92   1.66113e+33
2196.39   1.58312e+33
2327.2   1.50901e+33
2465.81   1.43846e+33
2612.68   1.37126e+33
2768.29   1.30756e+33
2933.17   1.24688e+33
3107.87   1.1893e+33
3292.97   1.13442e+33
3489.1   1.08264e+33
3696.91   1.03335e+33
3917.1   9.86546e+32
4150.4   9.42278e+32
4397.6   9.00295e+32
4659.53   8.60517e+32
4937.05   8.22856e+32
5231.1   7.87204e+32
5542.66   7.53572e+32
5872.79   7.21893e+32
6222.57   6.91975e+32
6593.19   6.6381e+32
6985.88   6.37404e+32
7401.96   6.12665e+32
7842.82   5.89592e+32
8309.94   5.6816e+32
8804.88   5.48371e+32
9329.3   5.30214e+32
9884.96   5.1375e+32
10473.7   4.98977e+32
11097.5   4.8594e+32
11758.5   4.74715e+32
12458.8   4.65338e+32
13200.9   4.57883e+32
13987.1   4.52397e+32
14820.2   4.48906e+32
15702.9   4.47376e+32
16638.2   4.47723e+32
17629.1   4.49662e+32
18679.1   4.52735e+32
19791.7   4.56173e+32
20970.5   4.58775e+32
22219.5   4.5881e+32
23542.9   4.53958e+32
24945.1   4.41335e+32
26430.8   4.17831e+32
28005   3.80852e+32
29673   3.2945e+32
31440.4   2.65741e+32
33312.9   1.95751e+32
35297.1   1.28572e+32
37399.4   7.33329e+31
39626.9   3.53374e+31
41987.1   1.39976e+31
44487.8   4.44163e+30
47137.5   1.10326e+30
49945.1   2.10297e+29
52919.8   3.02651e+28
56071.7   3.24607e+27
59411.3   2.56853e+26
62949.9   1.48818e+25
66699.2   6.27643e+23
70671.8   1.91869e+22
74881   4.23871e+20
79341   6.75051e+18
84066.5   7.73762e+16
89073.5   6.37579e+14
94378.8   3.78104e+12
100000   0
