1   4.23486e+25
1.04025   4.07163e+25
1.08049   3.91982e+25
1.12074   3.77821e+25
1.16098   3.64574e+25
1.20123   3.52146e+25
1.24147   3.40458e+25
1.28172   3.29438e+25
1.32196   3.19024e+25
1.36221   3.09159e+25
1.40245   2.99794e+25
1.4427   2.90886e+25
1.48294   2.82396e+25
1.52319   2.74289e+25
1.56344   2.66533e+25
1.60368   2.591e+25
1.64393   2.51966e+25
1.68417   2.42727e+25
1.72442   2.33415e+25
1.76466   2.24577e+25
1.80491   2.16179e+25
1.84515   2.08185e+25
1.8854   2.00568e+25
1.92564   1.93299e+25
1.96589   1.86355e+25
2.00613   1.79713e+25
2.04638   1.73354e+25
2.08663   1.6726e+25
2.12687   1.61414e+25
2.16712   1.55802e+25
2.20736   1.50409e+25
2.24761   1.45223e+25
2.28785   1.40233e+25
2.3281   1.35428e+25
2.36834   1.30799e+25
2.40859   1.26336e+25
2.44883   1.22033e+25
2.48908   1.17881e+25
2.52932   1.13873e+25
2.56957   1.10003e+25
2.60982   1.06266e+25
2.65006   1.02655e+25
2.69031   9.91663e+24
2.73055   9.57942e+24
2.7708   9.25346e+24
2.81104   8.93832e+24
2.85129   8.63364e+24
2.89153   8.33903e+24
2.93178   8.05415e+24
2.97202   7.77867e+24
3.01227   7.51229e+24
3.05251   7.25471e+24
3.09276   7.00565e+24
3.133   6.76483e+24
3.17325   6.532e+24
3.2135   6.30692e+24
3.25374   6.08935e+24
3.29399   5.87904e+24
3.33423   5.6758e+24
3.37448   5.47939e+24
3.41472   5.28962e+24
3.45497   5.10628e+24
3.49521   4.92917e+24
3.53546   4.75811e+24
3.5757   4.59291e+24
3.61595   4.4334e+24
3.65619   4.27938e+24
3.69644   4.1307e+24
3.73669   3.98719e+24
3.77693   3.84868e+24
3.81718   3.71502e+24
3.85742   3.58605e+24
3.89767   3.46162e+24
3.93791   3.34158e+24
3.97816   3.2258e+24
4.0184   3.11412e+24
4.05865   3.00642e+24
4.09889   2.90257e+24
4.13914   2.80242e+24
4.17938   2.70586e+24
4.21963   2.61277e+24
4.25988   2.52303e+24
4.30012   2.43651e+24
4.34037   2.35312e+24
4.38061   2.27273e+24
4.42086   2.19525e+24
4.4611   2.12057e+24
4.50135   2.0486e+24
4.54159   1.97922e+24
4.58184   1.91237e+24
4.62208   1.84793e+24
4.66233   1.78582e+24
4.70257   1.72597e+24
4.74282   1.66828e+24
4.78307   1.61268e+24
4.82331   1.5591e+24
4.86356   1.50745e+24
4.9038   1.45766e+24
4.94405   1.40967e+24
4.98429   1.36341e+24
5.02454   1.31882e+24
5.06478   1.27583e+24
5.10503   1.23439e+24
5.14527   1.19443e+24
5.18552   1.1559e+24
5.22576   1.11875e+24
5.26601   1.08292e+24
5.30626   1.04837e+24
5.3465   1.01504e+24
5.38675   9.82902e+23
5.42699   9.51896e+23
5.46724   9.21985e+23
5.50748   8.93126e+23
5.54773   8.65281e+23
5.58797   8.38412e+23
5.62822   8.12482e+23
5.66846   7.87455e+23
5.70871   7.63298e+23
5.74895   7.39978e+23
5.7892   7.17464e+23
5.82945   6.95726e+23
5.86969   6.74734e+23
5.90994   6.54462e+23
5.95018   6.34881e+23
5.99043   6.15968e+23
6.03067   0
6.07092   0
6.11116   0
6.15141   0
6.19165   0
6.2319   0
6.27214   0
6.31239   0
6.35263   0
6.39288   0
6.43313   0
6.47337   0
6.51362   0
6.55386   0
6.59411   0
6.63435   0
6.6746   0
6.71484   0
6.75509   0
6.79533   0
6.83558   0
6.87582   0
6.91607   0
6.95632   0
6.99656   0
7.03681   0
7.07705   0
7.1173   0
7.15754   0
7.19779   0
7.23803   0
7.27828   0
7.31852   0
7.35877   0
7.39901   0
7.43926   0
7.47951   0
7.51975   0
7.56   0
7.60024   0
7.64049   0
7.68073   0
7.72098   0
7.76122   0
7.80147   0
7.84171   0
7.88196   0
7.9222   0
7.96245   0
8.0027   0
8.04294   0
8.08319   0
8.12343   0
8.16368   0
8.20392   0
8.24417   0
8.28441   0
8.32466   0
8.3649   0
8.40515   0
8.44539   0
8.48564   0
8.52589   0
8.56613   0
8.60638   0
8.64662   0
8.68687   0
8.72711   0
8.76736   0
8.8076   0
8.84785   0
8.88809   0
8.92834   0
8.96858   0
9.00883   0
