1   6.75127e+47
1.05956   6.16871e+47
1.12267   5.65072e+47
1.18953   5.19035e+47
1.26038   4.78176e+47
1.33545   4.4132e+47
1.41499   4.08224e+47
1.49927   3.78373e+47
1.58857   3.51554e+47
1.68318   3.27027e+47
1.78343   3.04719e+47
1.88965   2.84361e+47
2.0022   2.65943e+47
2.12145   2.48825e+47
2.24781   2.33131e+47
2.38169   2.18677e+47
2.52354   2.05335e+47
2.67384   1.92994e+47
2.8331   1.81708e+47
3.00184   1.71095e+47
3.18063   1.61234e+47
3.37006   1.52049e+47
3.57079   1.4348e+47
3.78346   1.35475e+47
4.00881   1.27986e+47
4.24757   1.21103e+47
4.50056   1.14519e+47
4.76861   1.08362e+47
5.05263   1.02579e+47
5.35357   9.71449e+46
5.67243   9.20338e+46
6.01028   8.72236e+46
6.36825   8.26941e+46
6.74754   7.84259e+46
7.14943   7.44007e+46
7.57525   7.06013e+46
8.02643   6.70108e+46
8.50449   6.36154e+46
9.01102   6.04829e+46
9.54772   5.74452e+46
10.1164   5.45551e+46
10.7189   5.17979e+46
11.3573   4.91606e+46
12.0338   4.66306e+46
12.7505   4.41961e+46
13.5099   4.18456e+46
14.3146   3.95684e+46
15.1672   3.73545e+46
16.0705   3.51944e+46
17.0277   3.30795e+46
18.0419   3.10021e+46
19.1164   2.89557e+46
20.255   2.69349e+46
21.4614   2.49363e+46
22.7397   2.29586e+46
24.094   2.10034e+46
25.5291   1.90752e+46
27.0496   1.71824e+46
28.6607   1.53371e+46
30.3677   1.35554e+46
32.1764   1.1857e+46
34.0929   1.02637e+46
36.1234   8.80653e+45
38.2749   7.51401e+45
40.5546   6.41717e+45
42.97   5.54711e+45
45.5294   4.93227e+45
48.2411   4.59363e+45
51.1143   4.53768e+45
54.1587   4.74783e+45
57.3844   5.17691e+45
60.8022   5.74469e+45
64.4236   6.34541e+45
68.2607   6.8679e+45
72.3263   7.22509e+45
76.6341   7.38148e+45
81.1984   7.36196e+45
86.0346   7.23151e+45
91.1589   7.05643e+45
96.5883   6.8773e+45
102.341   6.70157e+45
108.437   6.53644e+45
114.895   6.38081e+45
121.738   6.23272e+45
128.989   6.09675e+45
136.672   5.96475e+45
144.812   5.83522e+45
153.437   5.70664e+45
162.576   5.57853e+45
172.259   5.44997e+45
182.518   5.32081e+45
193.389   5.19045e+45
204.907   5.05896e+45
217.112   4.92577e+45
230.043   4.7915e+45
243.744   4.65513e+45
258.262   4.51903e+45
273.644   4.38202e+45
289.942   4.24446e+45
307.211   4.10691e+45
325.509   3.96956e+45
344.896   3.83216e+45
365.438   3.69615e+45
387.204   3.56152e+45
410.266   3.42848e+45
434.701   3.29776e+45
460.592   3.1691e+45
488.025   3.0431e+45
517.092   2.91997e+45
547.89   2.7997e+45
580.523   2.68245e+45
615.099   2.56863e+45
651.734   2.45837e+45
690.551   2.35126e+45
731.681   2.24791e+45
775.26   2.14806e+45
821.434   2.05187e+45
870.359   1.9593e+45
922.198   1.87021e+45
977.124   1.78462e+45
1035.32   1.70264e+45
1096.99   1.62383e+45
1162.32   1.54861e+45
1231.55   1.47651e+45
1304.9   1.40765e+45
1382.62   1.34168e+45
1464.97   1.27902e+45
1552.23   1.21916e+45
1644.68   1.16199e+45
1742.63   1.10764e+45
1846.42   1.05584e+45
1956.4   1.00653e+45
2072.92   9.59637e+44
2196.39   9.15044e+44
2327.2   8.72725e+44
2465.81   8.32404e+44
2612.68   7.9428e+44
2768.29   7.57973e+44
2933.17   7.2368e+44
3107.87   6.91085e+44
3292.97   6.60177e+44
3489.1   6.30894e+44
3696.91   6.03172e+44
3917.1   5.7696e+44
4150.4   5.52171e+44
4397.6   5.28781e+44
4659.53   5.06748e+44
4937.05   4.85967e+44
5231.1   4.66455e+44
5542.66   4.48149e+44
5872.79   4.31075e+44
6222.57   4.15143e+44
6593.19   4.00453e+44
6985.88   3.86909e+44
7401.96   3.74576e+44
7842.82   3.63447e+44
8309.94   3.53563e+44
8804.88   3.44956e+44
9329.3   3.37671e+44
9884.96   3.31747e+44
10473.7   3.27233e+44
11097.5   3.24157e+44
11758.5   3.22508e+44
12458.8   3.22238e+44
13200.9   3.23202e+44
13987.1   3.25155e+44
14820.2   3.27611e+44
15702.9   3.29848e+44
16638.2   3.30779e+44
17629.1   3.28898e+44
18679.1   3.22275e+44
19791.7   3.087e+44
20970.5   2.86057e+44
22219.5   2.53085e+44
23542.9   2.10335e+44
24945.1   1.61008e+44
26430.8   1.10979e+44
28005   6.71336e+43
29673   3.46872e+43
31440.4   1.48905e+43
33312.9   5.17161e+42
35297.1   1.41831e+42
37399.4   3.00715e+41
39626.9   4.84274e+40
41987.1   5.83997e+39
44487.8   5.21485e+38
47137.5   3.41883e+37
49945.1   1.63498e+36
52919.8   5.67634e+34
56071.7   1.42563e+33
59411.3   2.58346e+31
62949.9   3.37151e+29
66699.2   3.16428e+27
70671.8   2.13358e+25
74881   1.03276e+23
79341   3.58678e+20
84066.5   8.93404e+17
89073.5   1.59565e+15
94378.8   2.04348e+12
100000   0
