1   6.99772e+18
1.05956   6.34409e+18
1.12267   5.7698e+18
1.18953   5.26144e+18
1.26038   4.8098e+18
1.33545   4.40415e+18
1.41499   4.04178e+18
1.49927   3.71646e+18
1.58857   3.42413e+18
1.68318   3.15838e+18
1.78343   2.91737e+18
1.88965   2.69933e+18
2.0022   2.50246e+18
2.12145   2.32095e+18
2.24781   2.15542e+18
2.38169   2.00415e+18
2.52354   1.86559e+18
2.67384   1.73834e+18
2.8331   1.6231e+18
3.00184   1.51579e+18
3.18063   1.417e+18
3.37006   1.326e+18
3.57079   1.2421e+18
3.78346   1.16465e+18
4.00881   1.09309e+18
4.24757   1.02808e+18
4.50056   9.66801e+17
4.76861   9.10231e+17
5.05263   8.57848e+17
5.35357   8.09281e+17
5.67243   7.64235e+17
6.01028   7.2242e+17
6.36825   6.83588e+17
6.74754   6.475e+17
7.14943   6.13939e+17
7.57525   5.82712e+17
8.02643   5.53633e+17
8.50449   5.26537e+17
9.01102   5.01869e+17
9.54772   4.78405e+17
10.1164   4.56488e+17
10.7189   4.35993e+17
11.3573   4.1681e+17
12.0338   3.98836e+17
12.7505   3.81979e+17
13.5099   3.66149e+17
14.3146   3.51266e+17
15.1672   3.37255e+17
16.0705   3.24046e+17
17.0277   3.11575e+17
18.0419   2.99781e+17
19.1164   2.88609e+17
20.255   2.78009e+17
21.4614   2.67933e+17
22.7397   2.58339e+17
24.094   2.49185e+17
25.5291   2.40436e+17
27.0496   2.32057e+17
28.6607   2.24018e+17
30.3677   2.16289e+17
32.1764   2.08846e+17
34.0929   2.01664e+17
36.1234   1.94723e+17
38.2749   1.88002e+17
40.5546   1.81485e+17
42.97   1.75155e+17
45.5294   1.68998e+17
48.2411   1.63003e+17
51.1143   1.57159e+17
54.1587   1.51456e+17
57.3844   1.45888e+17
60.8022   1.40448e+17
64.4236   1.35132e+17
68.2607   1.29936e+17
72.3263   1.24858e+17
76.6341   1.19897e+17
81.1984   1.15053e+17
86.0346   1.10326e+17
91.1589   1.05715e+17
96.5883   1.01221e+17
102.341   9.68423e+16
108.437   9.25787e+16
114.895   8.84278e+16
121.738   8.43867e+16
128.989   8.04514e+16
136.672   7.66173e+16
144.812   7.2879e+16
153.437   6.92304e+16
162.576   6.56653e+16
172.259   6.21773e+16
182.518   5.87601e+16
193.389   5.54079e+16
204.907   5.21154e+16
217.112   4.88786e+16
230.043   4.56944e+16
243.744   4.25616e+16
258.262   3.94804e+16
273.644   3.64534e+16
289.942   3.34854e+16
307.211   3.05836e+16
325.509   2.77579e+16
344.896   2.50201e+16
365.438   2.23843e+16
387.204   1.9866e+16
410.266   1.7481e+16
434.701   1.52454e+16
460.592   1.31739e+16
488.025   1.12795e+16
517.092   9.57313e+15
547.89   8.062e+15
580.523   6.76159e+15
615.099   5.68012e+15
651.734   4.82795e+15
690.551   4.21558e+15
731.681   3.85092e+15
775.26   3.73404e+15
821.434   3.84979e+15
870.359   4.16043e+15
922.198   4.60189e+15
977.124   5.08807e+15
1035.32   5.52606e+15
1096.99   5.84007e+15
1162.32   5.99469e+15
1231.55   6.00369e+15
1304.9   5.91524e+15
1382.62   5.78199e+15
1464.97   5.6375e+15
1552.23   5.4926e+15
1644.68   5.35277e+15
1742.63   5.22208e+15
1846.42   5.09916e+15
1956.4   4.98587e+15
2072.92   4.87712e+15
2196.39   4.77109e+15
2327.2   4.66657e+15
2465.81   4.56243e+15
2612.68   4.45855e+15
2768.29   4.3542e+15
2933.17   4.24937e+15
3107.87   4.14366e+15
3292.97   4.03672e+15
3489.1   3.9286e+15
3696.91   3.8197e+15
3917.1   3.70986e+15
4150.4   3.59894e+15
4397.6   3.48847e+15
4659.53   3.37728e+15
4937.05   3.26595e+15
5231.1   3.15543e+15
5542.66   3.04529e+15
5872.79   2.93635e+15
6222.57   2.82809e+15
6593.19   2.72176e+15
6985.88   2.61684e+15
7401.96   2.51418e+15
7842.82   2.41343e+15
8309.94   2.31525e+15
8804.88   2.21948e+15
9329.3   2.12628e+15
9884.96   2.03571e+15
10473.7   1.94808e+15
11097.5   1.86326e+15
11758.5   1.78129e+15
12458.8   1.70197e+15
13200.9   1.62622e+15
13987.1   1.55344e+15
14820.2   1.48293e+15
15702.9   1.41564e+15
16638.2   1.35117e+15
17629.1   1.2895e+15
18679.1   1.23053e+15
19791.7   1.17443e+15
20970.5   1.12091e+15
22219.5   1.07001e+15
23542.9   1.02168e+15
24945.1   9.75693e+14
26430.8   9.32368e+14
28005   8.91538e+14
29673   8.5296e+14
31440.4   8.16729e+14
33312.9   7.82945e+14
35297.1   7.51452e+14
37399.4   7.22327e+14
39626.9   6.95678e+14
41987.1   6.71501e+14
44487.8   6.49965e+14
47137.5   6.31236e+14
49945.1   6.15566e+14
52919.8   6.033e+14
56071.7   5.94932e+14
59411.3   5.91111e+14
62949.9   5.92744e+14
66699.2   6.01035e+14
70671.8   6.17532e+14
74881   6.43977e+14
79341   6.81464e+14
84066.5   7.25864e+14
89073.5   7.46447e+14
94378.8   5.55077e+14
100000   0
