1   1.25083e+29
1.43753   8.84784e+28
1.87506   6.89614e+28
2.31258   5.68502e+28
2.75011   4.8592e+28
3.18764   4.25885e+28
3.62517   3.80174e+28
4.0627   3.44133e+28
4.50023   3.14932e+28
4.93775   2.9075e+28
5.37528   2.70362e+28
5.81281   2.52916e+28
6.25034   2.37797e+28
6.68787   2.24552e+28
7.1254   2.12839e+28
7.56292   2.02397e+28
8.00045   1.93019e+28
8.43798   1.84543e+28
8.87551   1.76837e+28
9.31304   1.69796e+28
9.75057   1.6333e+28
10.1881   1.57369e+28
10.6256   1.5185e+28
11.0632   1.46722e+28
11.5007   1.41941e+28
11.9382   1.37471e+28
12.3757   1.33279e+28
12.8133   1.29336e+28
13.2508   1.25619e+28
13.6883   1.22107e+28
14.1258   1.1878e+28
14.5634   1.15623e+28
15.0009   1.1262e+28
15.4384   1.09759e+28
15.876   1.07028e+28
16.3135   1.04417e+28
16.751   1.01916e+28
17.1885   9.9517e+27
17.6261   9.72125e+27
18.0636   9.49957e+27
18.5011   9.28602e+27
18.9387   9.08004e+27
19.3762   8.88113e+27
19.8137   8.6888e+27
20.2512   8.50264e+27
20.6888   8.32225e+27
21.1263   8.14727e+27
21.5638   7.97737e+27
22.0014   7.81225e+27
22.4389   7.65163e+27
22.8764   7.49526e+27
23.3139   7.3429e+27
23.7515   7.19434e+27
24.189   7.04937e+27
24.6265   6.90781e+27
25.0641   6.76949e+27
25.5016   6.63425e+27
25.9391   6.50195e+27
26.3766   6.37245e+27
26.8142   6.24564e+27
27.2517   6.1214e+27
27.6892   5.99961e+27
28.1268   5.8802e+27
28.5643   5.76306e+27
29.0018   5.64812e+27
29.4393   5.5353e+27
29.8769   5.42452e+27
30.3144   5.31573e+27
30.7519   5.20887e+27
31.1895   5.10388e+27
31.627   5.00071e+27
32.0645   4.89932e+27
32.502   4.79966e+27
32.9396   4.70169e+27
33.3771   4.60538e+27
33.8146   4.5107e+27
34.2522   4.41761e+27
34.6897   4.32609e+27
35.1272   4.23611e+27
35.5647   4.14764e+27
36.0023   4.06067e+27
36.4398   3.97517e+27
36.8773   3.89112e+27
37.3148   3.80851e+27
37.7524   3.72732e+27
38.1899   3.64753e+27
38.6274   3.56913e+27
39.065   3.49209e+27
39.5025   3.41642e+27
39.94   3.34209e+27
40.3775   3.26229e+27
40.8151   3.17361e+27
41.2526   3.08726e+27
41.6901   3.00317e+27
42.1277   2.92129e+27
42.5652   2.84157e+27
43.0027   2.76395e+27
43.4402   2.68839e+27
43.8778   2.61483e+27
44.3153   2.54322e+27
44.7528   2.47352e+27
45.1904   2.40569e+27
45.6279   2.33967e+27
46.0654   2.27542e+27
46.5029   2.21291e+27
46.9405   2.15208e+27
47.378   2.0929e+27
47.8155   2.03533e+27
48.2531   1.97932e+27
48.6906   1.92485e+27
49.1281   1.87187e+27
49.5656   1.82034e+27
50.0032   1.77024e+27
50.4407   1.72151e+27
50.8782   1.67414e+27
51.3158   1.62808e+27
51.7533   1.5833e+27
52.1908   1.53977e+27
52.6283   1.49746e+27
53.0659   1.45633e+27
53.5034   1.41636e+27
53.9409   1.37752e+27
54.3785   1.33976e+27
54.816   1.30308e+27
55.2535   1.26743e+27
55.691   1.23279e+27
56.1286   1.19913e+27
56.5661   1.16644e+27
57.0036   1.13467e+27
57.4412   1.1038e+27
57.8787   1.07382e+27
58.3162   1.04469e+27
58.7537   1.0164e+27
59.1913   9.8891e+26
59.6288   9.6221e+26
60.0663   9.36276e+26
60.5038   9.11084e+26
60.9414   8.86614e+26
61.3789   8.62846e+26
61.8164   8.39759e+26
62.254   8.17334e+26
62.6915   7.95553e+26
63.129   7.74396e+26
63.5665   7.53846e+26
64.0041   7.33886e+26
64.4416   7.14497e+26
64.8791   6.95664e+26
65.3167   6.7737e+26
65.7542   6.59599e+26
66.1917   6.42337e+26
66.6292   6.25568e+26
67.0668   6.09278e+26
67.5043   5.93452e+26
67.9418   5.78078e+26
68.3794   5.63141e+26
68.8169   5.48629e+26
69.2544   5.3453e+26
69.6919   5.2083e+26
70.1295   5.07519e+26
70.567   4.94584e+26
71.0045   4.82015e+26
71.4421   4.698e+26
71.8796   4.57929e+26
72.3171   4.46393e+26
72.7546   4.3518e+26
73.1922   4.24282e+26
73.6297   4.13688e+26
74.0672   4.0339e+26
74.5048   3.9338e+26
74.9423   3.83648e+26
75.3798   3.74186e+26
75.8173   3.64987e+26
76.2549   3.56041e+26
76.6924   3.47343e+26
77.1299   3.38885e+26
77.5675   3.30658e+26
78.005   3.22658e+26
78.4425   3.14876e+26
78.88   3.07307e+26
79.3176   2.99943e+26
79.7551   2.9278e+26
80.1926   2.85811e+26
80.6302   2.7903e+26
81.0677   2.72433e+26
81.5052   2.66012e+26
81.9427   2.59765e+26
82.3803   2.53684e+26
82.8178   2.47766e+26
83.2553   2.42005e+26
83.6928   2.36397e+26
84.1304   2.30938e+26
84.5679   2.25623e+26
85.0054   2.20448e+26
85.443   2.15409e+26
85.8805   2.10502e+26
86.318   2.05724e+26
86.7555   2.0107e+26
87.1931   1.96537e+26
87.6306   1.92121e+26
88.0681   1.8782e+26
88.5057   1.83629e+26
88.9432   1.79546e+26
89.3807   1.75568e+26
89.8182   1.71691e+26
90.2558   1.67913e+26
90.6933   1.64231e+26
91.1308   1.60642e+26
91.5684   1.57144e+26
92.0059   1.53734e+26
92.4434   1.50409e+26
92.8809   1.47168e+26
93.3185   1.44008e+26
93.756   1.40926e+26
94.1935   1.37921e+26
94.6311   1.3499e+26
95.0686   1.32131e+26
95.5061   1.29343e+26
95.9436   1.26623e+26
96.3812   1.23969e+26
96.8187   1.2138e+26
97.2562   1.18854e+26
97.6938   1.16389e+26
98.1313   1.13983e+26
98.5688   1.11636e+26
99.0063   1.09344e+26
99.4439   1.07108e+26
99.8814   1.04924e+26
100.319   1.02793e+26
100.756   1.00712e+26
101.194   9.86807e+25
101.632   9.66968e+25
102.069   9.47595e+25
102.507   9.28676e+25
102.944   9.10198e+25
103.382   8.9215e+25
103.819   8.7452e+25
104.257   8.57297e+25
104.694   8.40471e+25
105.132   8.24032e+25
105.569   8.07969e+25
106.007   7.92273e+25
106.444   7.76934e+25
106.882   7.61943e+25
107.319   7.47291e+25
107.757   7.32969e+25
108.194   7.18969e+25
108.632   7.05283e+25
109.069   6.91903e+25
109.507   6.7882e+25
109.945   6.66028e+25
110.382   6.53518e+25
110.82   6.41285e+25
111.257   6.29321e+25
111.695   6.17619e+25
112.132   6.06172e+25
112.57   5.94976e+25
113.007   5.84022e+25
113.445   5.73305e+25
113.882   5.6282e+25
114.32   5.52561e+25
114.757   5.42521e+25
115.195   5.32696e+25
115.632   5.23081e+25
116.07   5.1367e+25
116.507   5.04459e+25
116.945   4.95442e+25
117.383   4.86615e+25
117.82   4.77973e+25
118.258   4.69513e+25
118.695   4.61228e+25
119.133   4.53117e+25
119.57   4.45173e+25
120.008   4.37394e+25
120.445   4.29775e+25
120.883   4.22313e+25
121.32   4.15003e+25
121.758   4.07843e+25
122.195   4.00829e+25
122.633   3.93958e+25
123.07   3.87225e+25
123.508   3.80628e+25
123.945   3.74164e+25
124.383   3.6783e+25
124.821   3.61623e+25
125.258   3.55539e+25
125.696   3.49576e+25
126.133   3.43732e+25
126.571   3.38003e+25
127.008   3.32387e+25
127.446   3.26881e+25
127.883   3.21484e+25
128.321   3.16191e+25
128.758   3.11002e+25
129.196   3.05914e+25
129.633   3.00924e+25
130.071   2.9603e+25
130.508   2.91231e+25
130.946   2.86524e+25
131.383   2.81906e+25
131.821   2.77377e+25
132.258   2.72935e+25
132.696   2.68576e+25
133.134   2.643e+25
133.571   2.60105e+25
134.009   2.55988e+25
134.446   2.51949e+25
134.884   2.47985e+25
135.321   2.44095e+25
135.759   2.40278e+25
136.196   2.36531e+25
136.634   2.32854e+25
137.071   2.29244e+25
137.509   2.25701e+25
137.946   2.22223e+25
138.384   2.18808e+25
138.821   2.15455e+25
139.259   2.12164e+25
139.696   2.08932e+25
140.134   2.05759e+25
140.572   2.02642e+25
141.009   1.99582e+25
141.447   1.96577e+25
141.884   1.93625e+25
142.322   1.90726e+25
142.759   1.87879e+25
143.197   1.85082e+25
143.634   1.82334e+25
144.072   1.79635e+25
144.509   1.76983e+25
144.947   1.74378e+25
145.384   1.71819e+25
145.822   1.69304e+25
146.259   0
146.697   0
147.134   0
147.572   0
148.01   0
148.447   0
148.885   0
149.322   0
149.76   0
150.197   0
150.635   0
151.072   0
151.51   0
151.947   0
152.385   0
152.822   0
153.26   0
153.697   0
154.135   0
154.572   0
155.01   0
155.447   0
155.885   0
156.323   0
156.76   0
157.198   0
157.635   0
158.073   0
158.51   0
158.948   0
159.385   0
159.823   0
160.26   0
160.698   0
161.135   0
161.573   0
162.01   0
162.448   0
162.885   0
163.323   0
163.761   0
164.198   0
164.636   0
165.073   0
165.511   0
165.948   0
166.386   0
166.823   0
167.261   0
167.698   0
168.136   0
168.573   0
169.011   0
169.448   0
169.886   0
170.323   0
170.761   0
171.199   0
171.636   0
172.074   0
172.511   0
172.949   0
173.386   0
173.824   0
174.261   0
174.699   0
175.136   0
175.574   0
176.011   0
176.449   0
176.886   0
177.324   0
177.761   0
178.199   0
178.636   0
179.074   0
179.512   0
179.949   0
180.387   0
180.824   0
181.262   0
181.699   0
182.137   0
182.574   0
183.012   0
183.449   0
183.887   0
184.324   0
184.762   0
185.199   0
185.637   0
186.074   0
186.512   0
186.95   0
187.387   0
187.825   0
188.262   0
188.7   0
189.137   0
189.575   0
190.012   0
190.45   0
190.887   0
191.325   0
191.762   0
192.2   0
192.637   0
193.075   0
193.512   0
193.95   0
194.388   0
194.825   0
195.263   0
195.7   0
196.138   0
196.575   0
197.013   0
197.45   0
197.888   0
198.325   0
198.763   0
199.2   0
199.638   0
200.075   0
200.513   0
200.95   0
201.388   0
201.825   0
202.263   0
202.701   0
203.138   0
203.576   0
204.013   0
204.451   0
204.888   0
205.326   0
205.763   0
206.201   0
206.638   0
207.076   0
207.513   0
207.951   0
208.388   0
208.826   0
209.263   0
209.701   0
210.139   0
210.576   0
211.014   0
211.451   0
211.889   0
212.326   0
212.764   0
213.201   0
213.639   0
214.076   0
214.514   0
214.951   0
215.389   0
215.826   0
216.264   0
216.701   0
217.139   0
217.577   0
218.014   0
218.452   0
218.889   0
219.327   0
