1   2.01671e+34
54.2049   5.65434e+32
107.41   2.64474e+32
160.615   1.59765e+32
213.82   1.0891e+32
267.025   7.98488e+31
320.23   6.14928e+31
373.435   4.90721e+31
426.64   4.02316e+31
479.845   3.36902e+31
533.049   2.86984e+31
586.254   2.47923e+31
639.459   2.16716e+31
692.664   1.9134e+31
745.869   1.70393e+31
799.074   1.52876e+31
852.279   1.38059e+31
905.484   1.25399e+31
958.689   1.14486e+31
1011.89   1.05003e+31
1065.1   9.67023e+30
1118.3   8.93899e+30
1171.51   8.29097e+30
1224.71   7.71357e+30
1277.92   7.19653e+30
1331.12   6.73143e+30
1384.33   6.31127e+30
1437.53   5.93022e+30
1490.74   5.58337e+30
1543.94   5.2666e+30
1597.15   4.97636e+30
1650.35   4.70966e+30
1703.56   4.46389e+30
1756.76   4.23682e+30
1809.97   4.02651e+30
1863.17   3.83128e+30
1916.38   3.64964e+30
1969.58   3.48029e+30
2022.79   3.3221e+30
2075.99   3.17406e+30
2129.2   3.03527e+30
2182.4   2.90494e+30
2235.61   2.78235e+30
2288.81   2.66688e+30
2342.02   2.55795e+30
2395.22   2.45505e+30
2448.43   2.35773e+30
2501.63   2.26556e+30
2554.84   2.17818e+30
2608.04   2.09524e+30
2661.25   2.01643e+30
2714.45   1.94147e+30
2767.66   1.8701e+30
2820.86   1.80209e+30
2874.07   1.73723e+30
2927.27   1.67531e+30
2980.48   1.61616e+30
3033.68   1.55961e+30
3086.89   1.50551e+30
3140.09   1.45371e+30
3193.3   1.40409e+30
3246.5   1.35653e+30
3299.71   1.3109e+30
3352.91   1.26711e+30
3406.12   1.22507e+30
3459.32   1.18468e+30
3512.53   1.14586e+30
3565.73   1.10853e+30
3618.94   1.07262e+30
3672.14   1.03806e+30
3725.35   1.00479e+30
3778.55   9.72743e+29
3831.76   9.41869e+29
3884.96   9.12114e+29
3938.17   8.83428e+29
3991.37   8.55765e+29
4044.58   8.2908e+29
4097.78   8.03333e+29
4150.99   7.78484e+29
4204.19   7.54495e+29
4257.4   7.31333e+29
4310.6   7.08964e+29
4363.81   6.87356e+29
4417.01   6.66479e+29
4470.22   6.46305e+29
4523.42   6.26807e+29
4576.63   6.07959e+29
4629.83   5.89736e+29
4683.04   5.72116e+29
4736.24   5.55076e+29
4789.45   5.38594e+29
4842.65   5.2265e+29
4895.86   5.05757e+29
4949.06   4.8823e+29
5002.27   4.7138e+29
5055.47   4.55178e+29
5108.68   4.39596e+29
5161.88   4.24608e+29
5215.08   4.10189e+29
5268.29   3.96315e+29
5321.49   3.82962e+29
5374.7   3.7011e+29
5427.9   3.57738e+29
5481.11   3.45826e+29
5534.31   3.34355e+29
5587.52   3.23307e+29
5640.72   3.12666e+29
5693.93   3.02414e+29
5747.13   2.92536e+29
5800.34   2.83018e+29
5853.54   2.73844e+29
5906.75   2.65002e+29
5959.95   2.56477e+29
6013.16   2.48259e+29
6066.36   2.40334e+29
6119.57   2.32691e+29
6172.77   2.2532e+29
6225.98   2.18209e+29
6279.18   2.1135e+29
6332.39   2.04731e+29
6385.59   1.98344e+29
6438.8   1.9218e+29
6492   1.8623e+29
6545.21   1.80487e+29
6598.41   1.74943e+29
6651.62   1.69589e+29
6704.82   1.64419e+29
6758.03   1.59427e+29
6811.23   1.54604e+29
6864.44   1.49946e+29
6917.64   1.45446e+29
6970.85   1.41097e+29
7024.05   1.36896e+29
7077.26   1.32835e+29
7130.46   1.2891e+29
7183.67   1.25116e+29
7236.87   1.21448e+29
7290.08   1.17901e+29
7343.28   1.14472e+29
7396.49   1.11155e+29
7449.69   1.07948e+29
7502.9   1.04845e+29
7556.1   1.01843e+29
7609.31   9.8939e+28
7662.51   9.61287e+28
7715.72   9.34092e+28
7768.92   9.0777e+28
7822.13   8.82292e+28
7875.33   8.57628e+28
7928.54   8.33748e+28
7981.74   8.10626e+28
8034.95   7.88235e+28
8088.15   7.6655e+28
8141.36   7.45545e+28
8194.56   7.25197e+28
8247.77   7.05484e+28
8300.97   6.86383e+28
8354.18   6.67874e+28
8407.38   6.49936e+28
8460.59   6.32549e+28
8513.79   6.15696e+28
8567   5.99357e+28
8620.2   5.83515e+28
8673.41   5.68154e+28
8726.61   5.53257e+28
8779.82   5.38809e+28
8833.02   5.24794e+28
8886.23   5.11198e+28
8939.43   4.98008e+28
8992.64   4.85209e+28
9045.84   4.72789e+28
9099.05   4.60735e+28
9152.25   4.49035e+28
9205.46   4.37678e+28
9258.66   4.26652e+28
9311.87   4.15947e+28
9365.07   4.05552e+28
9418.28   3.95457e+28
9471.48   3.85652e+28
9524.69   3.76129e+28
9577.89   3.66877e+28
9631.1   3.57889e+28
9684.3   3.49156e+28
9737.51   3.40669e+28
9790.71   3.32421e+28
9843.92   3.24405e+28
9897.12   3.16613e+28
9950.33   3.09038e+28
10003.5   3.01673e+28
10056.7   2.94512e+28
10109.9   2.87548e+28
10163.1   2.80776e+28
10216.4   2.74189e+28
10269.6   2.67781e+28
10322.8   2.61548e+28
10376   2.55483e+28
10429.2   2.49582e+28
10482.4   2.4384e+28
10535.6   2.38251e+28
10588.8   2.32812e+28
10642   2.27517e+28
10695.2   2.22363e+28
10748.4   2.17345e+28
10801.6   2.12458e+28
10854.8   2.077e+28
10908   2.03067e+28
10961.2   1.98554e+28
11014.4   1.94158e+28
11067.6   1.89876e+28
11120.8   1.85704e+28
11174   1.81639e+28
11227.2   1.77678e+28
11280.4   1.73818e+28
11333.7   1.70056e+28
11386.9   1.6639e+28
11440.1   1.62816e+28
11493.3   1.59332e+28
11546.5   1.55935e+28
11599.7   1.52623e+28
11652.9   1.49393e+28
11706.1   1.46243e+28
11759.3   1.43172e+28
11812.5   1.40175e+28
11865.7   1.37253e+28
11918.9   1.34402e+28
11972.1   1.3162e+28
12025.3   1.28906e+28
12078.5   1.26257e+28
12131.7   1.23672e+28
12184.9   1.2115e+28
12238.1   1.18688e+28
12291.3   1.16284e+28
12344.5   1.13938e+28
12397.8   1.11648e+28
12451   1.09411e+28
12504.2   1.07227e+28
12557.4   1.05095e+28
12610.6   1.03012e+28
12663.8   1.00978e+28
12717   9.89912e+27
12770.2   9.70504e+27
12823.4   9.51542e+27
12876.6   9.33017e+27
12929.8   9.14917e+27
12983   8.9723e+27
13036.2   8.79945e+27
13089.4   8.63053e+27
13142.6   8.46543e+27
13195.8   8.30405e+27
13249   8.14629e+27
13302.2   7.99207e+27
13355.4   7.84128e+27
13408.6   7.69386e+27
13461.9   7.5497e+27
13515.1   7.40872e+27
13568.3   7.27085e+27
13621.5   7.13601e+27
13674.7   7.00412e+27
13727.9   6.8751e+27
13781.1   6.74889e+27
13834.3   6.62541e+27
13887.5   6.5046e+27
13940.7   6.38639e+27
13993.9   6.27072e+27
14047.1   6.15753e+27
14100.3   6.04674e+27
14153.5   5.93831e+27
14206.7   5.83218e+27
14259.9   5.72829e+27
14313.1   5.62659e+27
14366.3   5.52702e+27
14419.5   5.42953e+27
14472.7   5.33408e+27
14526   5.24061e+27
14579.2   5.14908e+27
14632.4   5.05944e+27
14685.6   4.97164e+27
14738.8   4.88565e+27
14792   4.80141e+27
14845.2   4.7189e+27
14898.4   4.63806e+27
14951.6   4.55886e+27
15004.8   4.48127e+27
15058   4.40523e+27
15111.2   4.33073e+27
15164.4   4.25771e+27
15217.6   4.18616e+27
15270.8   4.11602e+27
15324   4.04728e+27
15377.2   3.9799e+27
15430.4   3.91385e+27
15483.6   3.84909e+27
15536.8   3.78561e+27
15590   3.72337e+27
15643.3   3.66234e+27
15696.5   3.60249e+27
15749.7   3.54381e+27
15802.9   3.48625e+27
15856.1   3.42981e+27
15909.3   3.37445e+27
15962.5   3.32015e+27
16015.7   3.26688e+27
16068.9   3.21463e+27
16122.1   3.16337e+27
16175.3   3.11308e+27
16228.5   3.06374e+27
16281.7   3.01532e+27
16334.9   2.96781e+27
16388.1   2.9212e+27
16441.3   2.87545e+27
16494.5   2.83055e+27
16547.7   2.78648e+27
16600.9   2.74323e+27
16654.1   2.70077e+27
16707.4   2.65909e+27
16760.6   2.61818e+27
16813.8   2.57802e+27
16867   2.53858e+27
16920.2   2.49987e+27
16973.4   2.46185e+27
17026.6   2.42452e+27
17079.8   2.38786e+27
17133   2.35186e+27
17186.2   2.31651e+27
17239.4   2.28179e+27
17292.6   2.24768e+27
17345.8   2.21418e+27
17399   2.18128e+27
17452.2   2.14895e+27
17505.4   2.1172e+27
17558.6   2.086e+27
17611.8   2.05535e+27
17665   2.02523e+27
17718.2   0
17771.5   0
17824.7   0
17877.9   0
17931.1   0
17984.3   0
18037.5   0
18090.7   0
18143.9   0
18197.1   0
18250.3   0
18303.5   0
18356.7   0
18409.9   0
18463.1   0
18516.3   0
18569.5   0
18622.7   0
18675.9   0
18729.1   0
18782.3   0
18835.6   0
18888.8   0
18942   0
18995.2   0
19048.4   0
19101.6   0
19154.8   0
19208   0
19261.2   0
19314.4   0
19367.6   0
19420.8   0
19474   0
19527.2   0
19580.4   0
19633.6   0
19686.8   0
19740   0
19793.2   0
19846.4   0
19899.7   0
19952.9   0
20006.1   0
20059.3   0
20112.5   0
20165.7   0
20218.9   0
20272.1   0
20325.3   0
20378.5   0
20431.7   0
20484.9   0
20538.1   0
20591.3   0
20644.5   0
20697.7   0
20750.9   0
20804.1   0
20857.3   0
20910.5   0
20963.7   0
21017   0
21070.2   0
21123.4   0
21176.6   0
21229.8   0
21283   0
21336.2   0
21389.4   0
21442.6   0
21495.8   0
21549   0
21602.2   0
21655.4   0
21708.6   0
21761.8   0
21815   0
21868.2   0
21921.4   0
21974.6   0
22027.8   0
22081.1   0
22134.3   0
22187.5   0
22240.7   0
22293.9   0
22347.1   0
22400.3   0
22453.5   0
22506.7   0
22559.9   0
22613.1   0
22666.3   0
22719.5   0
22772.7   0
22825.9   0
22879.1   0
22932.3   0
22985.5   0
23038.7   0
23091.9   0
23145.2   0
23198.4   0
23251.6   0
23304.8   0
23358   0
23411.2   0
23464.4   0
23517.6   0
23570.8   0
23624   0
23677.2   0
23730.4   0
23783.6   0
23836.8   0
23890   0
23943.2   0
23996.4   0
24049.6   0
24102.8   0
24156   0
24209.3   0
24262.5   0
24315.7   0
24368.9   0
24422.1   0
24475.3   0
24528.5   0
24581.7   0
24634.9   0
24688.1   0
24741.3   0
24794.5   0
24847.7   0
24900.9   0
24954.1   0
25007.3   0
25060.5   0
25113.7   0
25166.9   0
25220.1   0
25273.4   0
25326.6   0
25379.8   0
25433   0
25486.2   0
25539.4   0
25592.6   0
25645.8   0
25699   0
25752.2   0
25805.4   0
25858.6   0
25911.8   0
25965   0
26018.2   0
26071.4   0
26124.6   0
26177.8   0
26231   0
26284.2   0
26337.4   0
26390.7   0
26443.9   0
26497.1   0
26550.3   0
