1   4.48672e+49
1.05956   4.23264e+49
1.12267   3.99653e+49
1.18953   3.77715e+49
1.26038   3.57331e+49
1.33545   3.38393e+49
1.41499   3.20798e+49
1.49927   3.04451e+49
1.58857   2.89261e+49
1.68318   2.75146e+49
1.78343   2.62029e+49
1.88965   2.49837e+49
2.0022   2.38504e+49
2.12145   2.27969e+49
2.24781   2.18173e+49
2.38169   2.09063e+49
2.52354   2.0059e+49
2.67384   1.92709e+49
2.8331   1.85376e+49
3.00184   1.78553e+49
3.18063   1.72203e+49
3.37006   1.66292e+49
3.57079   1.60788e+49
3.78346   1.55663e+49
4.00881   1.50888e+49
4.24757   1.46439e+49
4.50056   1.42292e+49
4.76861   1.38425e+49
5.05263   1.34817e+49
5.35357   1.31449e+49
5.67243   1.28303e+49
6.01028   1.25361e+49
6.36825   1.22609e+49
6.74754   1.2003e+49
7.14943   1.17612e+49
7.57525   1.1534e+49
8.02643   1.13203e+49
8.50449   1.11189e+49
9.01102   1.09287e+49
9.54772   1.07487e+49
10.1164   1.05777e+49
10.7189   1.0415e+49
11.3573   1.02595e+49
12.0338   1.01103e+49
12.7505   9.96664e+48
13.5099   9.82744e+48
14.3146   9.69176e+48
15.1672   9.55855e+48
16.0705   9.42665e+48
17.0277   9.29473e+48
18.0419   9.16127e+48
19.1164   9.02447e+48
20.255   8.88222e+48
21.4614   8.73201e+48
22.7397   8.57091e+48
24.094   8.39549e+48
25.5291   8.20189e+48
27.0496   7.98584e+48
28.6607   7.74284e+48
30.3677   7.46841e+48
32.1764   7.15852e+48
34.0929   6.81014e+48
36.1234   6.42183e+48
38.2749   5.99441e+48
40.5546   5.53149e+48
42.97   5.03976e+48
45.5294   4.52881e+48
48.2411   4.01049e+48
51.1143   3.49792e+48
54.1587   3.00412e+48
57.3844   2.54071e+48
60.8022   2.11684e+48
64.4236   1.73854e+48
68.2607   1.40862e+48
72.3263   1.12699e+48
76.6341   8.91201e+47
81.1984   6.97218e+47
86.0346   5.40096e+47
91.1589   4.14572e+47
96.5883   3.15498e+47
102.341   2.38131e+47
108.437   1.78278e+47
114.895   1.32358e+47
121.738   9.73875e+46
128.989   7.09351e+46
136.672   5.10498e+46
144.812   3.61887e+46
153.437   8.27754e+45
162.576   2.92321e+45
172.259   9.96572e+44
182.518   3.46968e+44
193.389   1.26057e+44
204.907   4.80942e+43
217.112   1.92809e+43
230.043   8.11034e+42
243.744   3.57183e+42
258.262   1.64309e+42
273.644   7.8765e+41
289.942   3.92568e+41
307.211   2.02986e+41
325.509   1.08665e+41
344.896   6.0109e+40
365.438   3.42938e+40
387.204   2.01447e+40
410.266   1.21637e+40
434.701   7.53789e+39
460.592   4.78723e+39
488.025   3.11147e+39
517.092   2.06695e+39
547.89   1.40166e+39
580.523   9.69167e+38
615.099   6.8253e+38
651.734   4.89061e+38
690.551   3.56203e+38
731.681   2.63467e+38
775.26   1.97728e+38
821.434   1.50442e+38
870.359   1.15956e+38
922.198   9.04732e+37
977.124   7.14091e+37
1035.32   5.69786e+37
1096.99   4.59333e+37
1162.32   3.73897e+37
1231.55   3.07149e+37
1304.9   2.54505e+37
1382.62   2.12613e+37
1464.97   1.7899e+37
1552.23   1.51787e+37
1644.68   1.29608e+37
1742.63   1.11393e+37
1846.42   9.63313e+36
1956.4   8.37942e+36
2072.92   7.32938e+36
2196.39   6.44475e+36
2327.2   5.69529e+36
2465.81   5.05697e+36
2612.68   4.51058e+36
2768.29   4.0406e+36
2933.17   3.63451e+36
3107.87   3.2821e+36
3292.97   2.97509e+36
3489.1   2.70643e+36
3696.91   2.47053e+36
3917.1   2.26265e+36
4150.4   2.07887e+36
4397.6   1.91588e+36
4659.53   1.77093e+36
4937.05   1.64168e+36
5231.1   1.52617e+36
5542.66   1.42277e+36
5872.79   1.33008e+36
6222.57   1.24697e+36
6593.19   1.17249e+36
6985.88   1.10587e+36
7401.96   1.04652e+36
7842.82   9.94027e+35
8309.94   9.48128e+35
8804.88   9.08746e+35
9329.3   8.75993e+35
9884.96   8.50205e+35
10473.7   8.31973e+35
11097.5   8.2218e+35
11758.5   8.221e+35
12458.8   8.33444e+35
13200.9   8.58468e+35
13987.1   9.00065e+35
14820.2   9.61862e+35
15702.9   1.04827e+36
16638.2   1.16445e+36
17629.1   1.31607e+36
18679.1   1.50869e+36
19791.7   1.7465e+36
20970.5   2.03004e+36
22219.5   2.35256e+36
23542.9   2.69484e+36
24945.1   3.01979e+36
26430.8   3.2674e+36
28005   3.3611e+36
29673   3.22595e+36
31440.4   2.82585e+36
33312.9   2.20337e+36
35297.1   1.4882e+36
37399.4   8.46573e+35
39626.9   3.94575e+35
41987.1   1.46866e+35
44487.8   4.26753e+34
47137.5   9.49592e+33
49945.1   1.59285e+33
52919.8   1.98918e+32
56071.7   1.83171e+31
59411.3   1.23463e+30
62949.9   6.05804e+28
66699.2   2.15513e+27
70671.8   5.5418e+25
74881   1.02779e+24
79341   1.37254e+22
84066.5   1.31823e+20
89073.5   9.09731e+17
94378.8   4.50819e+15
100000   1.60773e+13
