1   8.38825e+17
1.02334   8.06962e+17
1.04723   7.76747e+17
1.07167   7.48196e+17
1.09668   7.20803e+17
1.12228   6.94777e+17
1.14847   6.70232e+17
1.17528   6.46478e+17
1.20271   6.23932e+17
1.23078   6.02424e+17
1.25951   5.82012e+17
1.2889   5.6237e+17
1.31899   5.43611e+17
1.34977   5.25836e+17
1.38128   5.08601e+17
1.41352   4.9215e+17
1.44651   4.76399e+17
1.48027   4.61431e+17
1.51482   4.46924e+17
1.55018   4.33031e+17
1.58636   4.19699e+17
1.62338   4.07024e+17
1.66127   3.94698e+17
1.70005   3.82876e+17
1.73973   3.71514e+17
1.78033   3.60742e+17
1.82189   3.50167e+17
1.86441   3.40039e+17
1.90792   3.30293e+17
1.95246   3.20907e+17
1.99803   3.11969e+17
2.04466   3.0323e+17
2.09238   2.9482e+17
2.14122   2.86712e+17
2.1912   2.78891e+17
2.24234   2.71446e+17
2.29468   2.64134e+17
2.34823   2.57093e+17
2.40304   2.50295e+17
2.45913   2.43728e+17
2.51653   2.37381e+17
2.57526   2.31326e+17
2.63537   2.25383e+17
2.69688   2.19642e+17
2.75983   2.14091e+17
2.82424   2.08719e+17
2.89016   2.0352e+17
2.95762   1.98567e+17
3.02665   1.93678e+17
3.09729   1.88954e+17
3.16958   1.84381e+17
3.24356   1.7995e+17
3.31927   1.75655e+17
3.39674   1.71491e+17
3.47602   1.67533e+17
3.55715   1.63597e+17
3.64017   1.59797e+17
3.72514   1.56112e+17
3.81208   1.52537e+17
3.90106   1.49067e+17
3.99211   1.45699e+17
4.08529   1.42427e+17
4.18064   1.3953e+17
4.27821   1.36217e+17
4.37807   1.33215e+17
4.48025   1.30302e+17
4.58482   1.27471e+17
4.69183   1.2472e+17
4.80134   1.22044e+17
4.91341   1.19442e+17
5.02809   1.16912e+17
5.14544   1.1445e+17
5.26554   1.12054e+17
5.38844   1.09769e+17
5.51421   1.07497e+17
5.64291   1.0529e+17
5.77462   1.03142e+17
5.9094   1.01051e+17
6.04732   9.90142e+16
6.18847   9.70309e+16
6.33291   9.5099e+16
6.48072   9.32172e+16
6.63198   9.13837e+16
6.78677   8.95973e+16
6.94518   8.78566e+16
7.10728   8.61604e+16
7.27317   8.45432e+16
7.44292   8.29318e+16
7.61664   8.13635e+16
7.79442   7.98353e+16
7.97634   7.83456e+16
8.16251   7.68934e+16
8.35302   7.54775e+16
8.54798   7.4097e+16
8.7475   7.27508e+16
8.95166   7.14381e+16
9.1606   7.01578e+16
9.37441   6.89091e+16
9.59321   6.76911e+16
9.81712   6.65029e+16
10.0463   6.53436e+16
10.2807   6.42124e+16
10.5207   6.31085e+16
10.7662   6.20315e+16
11.0175   6.10064e+16
11.2747   5.9981e+16
11.5378   5.8981e+16
11.8071   5.80044e+16
12.0827   5.70501e+16
12.3647   5.61175e+16
12.6533   5.52058e+16
12.9486   5.43143e+16
13.2509   5.34423e+16
13.5602   5.25891e+16
13.8766   5.17539e+16
14.2005   5.09362e+16
14.532   5.01353e+16
14.8712   4.93504e+16
15.2183   4.85811e+16
15.5734   4.78267e+16
15.9369   4.70866e+16
16.3089   4.63601e+16
16.6896   4.56468e+16
17.0791   4.49461e+16
17.4777   4.42574e+16
17.8857   4.35803e+16
18.3031   4.29142e+16
18.7303   4.22586e+16
19.1675   4.16132e+16
19.6149   4.09774e+16
20.0727   4.03508e+16
20.5412   3.9733e+16
21.0206   3.91239e+16
21.5112   3.85243e+16
22.0133   3.79487e+16
22.5271   3.73638e+16
23.0529   3.67884e+16
23.591   3.62194e+16
24.1416   3.56565e+16
24.705   3.50995e+16
25.2817   3.45481e+16
25.8717   3.40022e+16
26.4756   3.34614e+16
27.0935   3.29256e+16
27.7259   3.23945e+16
28.373   3.18679e+16
29.0353   3.13457e+16
29.713   3.08277e+16
30.4065   3.03135e+16
31.1162   2.98032e+16
31.8424   2.92964e+16
32.5856   2.87931e+16
33.3462   2.8293e+16
34.1245   2.77961e+16
34.921   2.7302e+16
35.736   2.68108e+16
36.5701   2.63222e+16
37.4237   2.58361e+16
38.2971   2.53523e+16
39.191   2.48707e+16
40.1057   2.43912e+16
41.0418   2.39136e+16
41.9997   2.34379e+16
42.98   2.29637e+16
43.9832   2.24911e+16
45.0098   2.20199e+16
46.0603   2.155e+16
47.1353   2.10813e+16
48.2355   2.06136e+16
49.3613   2.01469e+16
50.5134   1.9681e+16
51.6924   1.92159e+16
52.8989   1.87515e+16
54.1336   1.82877e+16
55.3971   1.78244e+16
56.6901   1.73617e+16
58.0132   1.68996e+16
59.3673   1.64379e+16
60.7529   1.59768e+16
62.1709   1.55162e+16
63.622   1.50564e+16
65.1069   1.45973e+16
66.6265   1.41391e+16
68.1816   1.3682e+16
69.773   1.32262e+16
71.4015   1.27719e+16
73.068   1.23194e+16
74.7735   1.18691e+16
76.5187   1.14213e+16
78.3047   1.09765e+16
80.1323   1.0535e+16
82.0026   1.00975e+16
83.9166   9.66433e+15
85.8752   9.23619e+15
87.8795   8.81368e+15
89.9307   8.39743e+15
92.0297   7.98812e+15
94.1777   7.58645e+15
96.3758   7.19314e+15
98.6252   6.80893e+15
100.927   6.43456e+15
103.283   6.07079e+15
105.693   5.71838e+15
108.16   5.37807e+15
110.685   5.05059e+15
113.268   4.73669e+15
115.912   4.43699e+15
118.617   4.15211e+15
121.386   3.88326e+15
124.219   3.63183e+15
127.118   3.39807e+15
130.085   3.18273e+15
133.122   2.98655e+15
136.229   2.81027e+15
139.408   2.65459e+15
142.662   2.52017e+15
145.992   2.40762e+15
149.399   2.31747e+15
152.886   2.25013e+15
156.455   2.20588e+15
160.106   2.18481e+15
163.843   2.18682e+15
167.668   2.21149e+15
171.581   2.25811e+15
175.586   2.32564e+15
179.684   2.4126e+15
183.878   2.51711e+15
188.169   2.63687e+15
192.561   2.76913e+15
197.056   2.91075e+15
201.655   3.05825e+15
206.362   3.20788e+15
211.178   3.35574e+15
216.107   3.49793e+15
221.151   3.63068e+15
226.313   3.75056e+15
231.595   3.85461e+15
237.001   3.94051e+15
242.532   4.00673e+15
248.193   4.05259e+15
253.986   4.07829e+15
259.914   4.08488e+15
265.98   4.07411e+15
272.188   4.04831e+15
278.541   4.01011e+15
285.043   3.96226e+15
291.696   3.90736e+15
298.504   3.84774e+15
305.471   3.78525e+15
312.601   3.72187e+15
319.897   3.65685e+15
327.363   3.59225e+15
335.004   3.52747e+15
342.823   3.4636e+15
350.825   3.40044e+15
359.013   3.33798e+15
367.392   3.27657e+15
375.967   3.21616e+15
384.743   3.15669e+15
393.723   3.09819e+15
402.912   3.04079e+15
412.316   2.98428e+15
421.94   2.92869e+15
431.788   2.87445e+15
441.866   2.82107e+15
452.179   2.76862e+15
462.733   2.7168e+15
473.533   2.66576e+15
484.586   2.61548e+15
495.896   2.56582e+15
507.471   2.51692e+15
519.315   2.4686e+15
531.436   2.42112e+15
543.84   2.37416e+15
556.533   2.32791e+15
569.523   2.28216e+15
582.815   2.23712e+15
596.418   2.19266e+15
610.339   2.14894e+15
624.584   2.10565e+15
639.162   2.0632e+15
654.081   2.02116e+15
669.347   1.9798e+15
684.97   1.93901e+15
700.957   1.89892e+15
717.317   1.85931e+15
734.06   1.82031e+15
751.193   1.78198e+15
768.726   1.7441e+15
786.668   1.70688e+15
805.029   1.67021e+15
823.819   1.63407e+15
843.047   1.59871e+15
862.724   1.56367e+15
882.86   1.5294e+15
903.466   1.49563e+15
924.553   1.46244e+15
946.132   1.42979e+15
968.215   1.39775e+15
990.814   1.36623e+15
1013.94   1.33527e+15
1037.61   1.30482e+15
1061.82   1.27503e+15
1086.61   1.24573e+15
1111.97   1.2169e+15
1137.92   1.18863e+15
1164.48   1.16095e+15
1191.66   1.13409e+15
1219.47   1.10736e+15
1247.94   1.08128e+15
1277.06   1.05575e+15
1306.87   1.03066e+15
1337.37   1.0061e+15
1368.59   9.82054e+14
1400.53   9.585e+14
1433.22   9.35386e+14
1466.67   9.12837e+14
1500.9   8.90753e+14
1535.93   8.69113e+14
1571.78   8.47854e+14
1608.47   8.27186e+14
1646.01   8.06889e+14
1684.43   7.87212e+14
1723.74   7.6783e+14
1763.98   7.4882e+14
1805.15   7.30274e+14
1847.28   7.12366e+14
1890.4   6.94741e+14
1934.52   6.77357e+14
1979.67   6.60558e+14
2025.88   6.44084e+14
2073.16   6.28085e+14
2121.55   6.12298e+14
2171.07   5.96903e+14
2221.74   5.81887e+14
2273.6   5.67385e+14
2326.66   5.53093e+14
2380.97   5.39179e+14
2436.54   5.25577e+14
2493.41   5.12408e+14
2551.61   4.99455e+14
2611.16   4.86875e+14
2672.11   4.74491e+14
2734.47   4.62586e+14
2798.3   4.50888e+14
2863.61   4.39469e+14
2930.45   4.2837e+14
2998.84   4.17543e+14
3068.84   4.0698e+14
3140.47   3.96663e+14
3213.76   3.86619e+14
3288.77   3.76878e+14
3365.53   3.67353e+14
3444.09   3.58065e+14
3524.47   3.4901e+14
3606.73   3.40183e+14
3690.92   3.31612e+14
3777.06   3.23229e+14
3865.22   3.15079e+14
3955.44   3.07137e+14
4047.76   2.994e+14
4142.23   2.91863e+14
4238.91   2.84509e+14
4337.85   2.77343e+14
4439.1   2.70416e+14
4542.71   2.63632e+14
4648.73   2.57019e+14
4757.24   2.50601e+14
4868.27   2.44336e+14
4981.9   2.3822e+14
5098.18   2.32307e+14
5217.17   2.26475e+14
5338.94   2.20872e+14
5463.55   2.15385e+14
5591.07   2.10055e+14
5721.57   2.04856e+14
5855.11   1.99793e+14
5991.77   1.94861e+14
6131.62   1.90048e+14
6274.73   1.85414e+14
6421.19   1.80833e+14
6571.06   1.76382e+14
6724.43   1.72066e+14
6881.38   1.67875e+14
7041.99   1.63779e+14
7206.35   1.59791e+14
7374.55   1.55915e+14
7546.67   1.52133e+14
7722.81   1.48455e+14
7903.07   1.44874e+14
8087.52   1.41378e+14
8276.29   1.37989e+14
8469.46   1.34689e+14
8667.14   1.31477e+14
8869.43   1.2835e+14
9076.45   1.25315e+14
9288.29   1.22363e+14
9505.08   1.19495e+14
9726.93   1.16695e+14
9953.96   1.13968e+14
10186.3   1.1131e+14
10424   1.08722e+14
10667.3   1.06204e+14
10916.3   1.0375e+14
11171.1   1.01357e+14
11431.8   9.90223e+13
11698.7   9.6764e+13
11971.7   9.4553e+13
12251.1   9.2395e+13
12537.1   9.03077e+13
12829.7   8.82657e+13
13129.1   8.62713e+13
13435.6   8.43393e+13
13749.2   8.24518e+13
14070.1   8.06124e+13
14398.5   7.88203e+13
14734.5   7.70751e+13
15078.5   7.53744e+13
15430.4   7.3709e+13
15790.5   7.21044e+13
16159.1   7.05305e+13
16536.2   6.89994e+13
16922.2   6.75048e+13
17317.2   6.60525e+13
17721.4   6.46353e+13
18135   6.32503e+13
18558.3   6.19102e+13
18991.4   6.06011e+13
19434.7   5.93245e+13
19888.3   5.80819e+13
20352.5   5.68709e+13
20827.5   5.56909e+13
21313.6   5.45407e+13
21811.1   5.34245e+13
22320.2   5.23362e+13
22841.1   5.12732e+13
23374.2   5.02418e+13
23919.8   4.92353e+13
24478.1   4.82573e+13
25049.4   4.73045e+13
25634.1   4.63775e+13
26232.4   4.54752e+13
26844.6   4.45979e+13
27471.2   4.37424e+13
28112.4   4.29148e+13
28768.5   4.21074e+13
29440   4.13245e+13
30127.1   4.05633e+13
30830.3   3.9824e+13
31549.9   3.91063e+13
32286.3   3.84094e+13
33039.9   3.77354e+13
33811   3.70786e+13
34600.2   3.64485e+13
35407.7   3.58353e+13
36234.2   3.52428e+13
37079.9   3.46705e+13
37945.3   3.41188e+13
38831   3.35874e+13
39737.3   3.30761e+13
40664.8   3.2585e+13
41613.9   3.21142e+13
42585.2   3.16631e+13
43579.1   3.12355e+13
44596.3   3.08277e+13
45637.2   3.04414e+13
46702.3   3.00774e+13
47792.4   2.97353e+13
48907.9   2.9418e+13
50049.4   2.91239e+13
51217.6   2.88561e+13
52413   2.86142e+13
53636.3   2.84003e+13
54888.2   2.82156e+13
56169.3   2.80629e+13
57480.3   2.79436e+13
58821.9   2.78607e+13
60194.8   2.7817e+13
61599.8   2.78178e+13
63037.5   2.78662e+13
64508.8   2.7968e+13
66014.5   2.81303e+13
67555.3   2.83613e+13
69132   2.86713e+13
70745.6   2.90731e+13
72396.8   2.95835e+13
74086.6   3.02237e+13
75815.8   3.10208e+13
77585.3   3.20146e+13
79396.2   3.32531e+13
81249.3   3.48101e+13
83145.7   3.6787e+13
85086.3   3.93351e+13
87072.2   4.26852e+13
89104.5   4.71997e+13
91184.3   5.34568e+13
93312.5   6.2336e+13
95490.4   7.45746e+13
97719.2   8.25336e+13
100000   0
