1   3.70543e+33
1.02334   3.61718e+33
1.04723   3.53142e+33
1.07167   3.44809e+33
1.09668   3.3671e+33
1.12228   3.28838e+33
1.14847   3.21189e+33
1.17528   3.13753e+33
1.20271   3.06526e+33
1.23078   2.99502e+33
1.25951   2.92673e+33
1.2889   2.86034e+33
1.31899   2.7958e+33
1.34977   2.73304e+33
1.38128   2.67203e+33
1.41352   2.61269e+33
1.44651   2.55499e+33
1.48027   2.49887e+33
1.51482   2.44428e+33
1.55018   2.39119e+33
1.58636   2.33953e+33
1.62338   2.28928e+33
1.66127   2.24038e+33
1.70005   2.1928e+33
1.73973   2.14649e+33
1.78033   2.10142e+33
1.82189   2.05754e+33
1.86441   2.01483e+33
1.90792   1.97324e+33
1.95246   1.93275e+33
1.99803   1.89332e+33
2.04466   1.85491e+33
2.09238   1.8175e+33
2.14122   1.78105e+33
2.1912   1.74554e+33
2.24234   1.71093e+33
2.29468   1.67721e+33
2.34823   1.64434e+33
2.40304   1.6123e+33
2.45913   1.58105e+33
2.51653   1.55059e+33
2.57526   1.52088e+33
2.63537   1.49191e+33
2.69688   1.46364e+33
2.75983   1.43607e+33
2.82424   1.40916e+33
2.89016   1.3829e+33
2.95762   1.35727e+33
3.02665   1.33225e+33
3.09729   1.30782e+33
3.16958   1.28396e+33
3.24356   1.26067e+33
3.31927   1.23792e+33
3.39674   1.21569e+33
3.47602   1.19397e+33
3.55715   1.17275e+33
3.64017   1.15201e+33
3.72514   1.13174e+33
3.81208   1.11192e+33
3.90106   1.09254e+33
3.99211   1.07359e+33
4.08529   1.05506e+33
4.18064   1.03693e+33
4.27821   1.0192e+33
4.37807   1.00184e+33
4.48025   9.8486e+32
4.58482   9.68238e+32
4.69183   9.51968e+32
4.80134   9.36038e+32
4.91341   9.2044e+32
5.02809   9.05165e+32
5.14544   8.90203e+32
5.26554   8.75548e+32
5.38844   8.61189e+32
5.51421   8.47119e+32
5.64291   8.33331e+32
5.77462   8.19817e+32
5.9094   8.06569e+32
6.04732   7.93582e+32
6.18847   7.80847e+32
6.33291   7.68359e+32
6.48072   7.56111e+32
6.63198   7.44097e+32
6.78677   7.32311e+32
6.94518   7.20747e+32
7.10728   7.094e+32
7.27317   6.98264e+32
7.44292   6.87334e+32
7.61664   6.76606e+32
7.79442   6.66073e+32
7.97634   6.55732e+32
8.16251   6.45578e+32
8.35302   6.35607e+32
8.54798   6.25813e+32
8.7475   6.16194e+32
8.95166   6.06744e+32
9.1606   5.97461e+32
9.37441   5.8834e+32
9.59321   5.79377e+32
9.81712   5.7057e+32
10.0463   5.61915e+32
10.2807   5.53408e+32
10.5207   5.45046e+32
10.7662   5.36827e+32
11.0175   5.28746e+32
11.2747   5.20802e+32
11.5378   5.12992e+32
11.8071   5.05312e+32
12.0827   4.97761e+32
12.3647   4.90335e+32
12.6533   4.83032e+32
12.9486   4.7585e+32
13.2509   4.68787e+32
13.5602   4.61839e+32
13.8766   4.55006e+32
14.2005   4.48285e+32
14.532   4.41674e+32
14.8712   4.35171e+32
15.2183   4.28774e+32
15.5734   4.22481e+32
15.9369   4.16291e+32
16.3089   4.10201e+32
16.6896   4.04211e+32
17.0791   3.98318e+32
17.4777   3.92521e+32
17.8857   3.86818e+32
18.3031   3.81208e+32
18.7303   3.7569e+32
19.1675   3.70261e+32
19.6149   3.64922e+32
20.0727   3.59669e+32
20.5412   3.54503e+32
21.0206   3.49421e+32
21.5112   3.44423e+32
22.0133   3.39507e+32
22.5271   3.34673e+32
23.0529   3.29918e+32
23.591   3.25243e+32
24.1416   3.20645e+32
24.705   3.16124e+32
25.2817   3.11679e+32
25.8717   3.07309e+32
26.4756   3.03012e+32
27.0935   2.98788e+32
27.7259   2.94636e+32
28.373   2.90555e+32
29.0353   2.86544e+32
29.713   2.82601e+32
30.4065   2.78727e+32
31.1162   2.74919e+32
31.8424   2.71178e+32
32.5856   2.67502e+32
33.3462   2.63891e+32
34.1245   2.60343e+32
34.921   2.56858e+32
35.736   2.53435e+32
36.5701   2.50072e+32
37.4237   2.4677e+32
38.2971   2.43527e+32
39.191   2.40342e+32
40.1057   2.37215e+32
41.0418   2.34144e+32
41.9997   2.31129e+32
42.98   2.2817e+32
43.9832   2.25264e+32
45.0098   2.22411e+32
46.0603   2.1961e+32
47.1353   2.16861e+32
48.2355   2.14163e+32
49.3613   2.11514e+32
50.5134   2.08914e+32
51.6924   2.06362e+32
52.8989   2.03856e+32
54.1336   2.01397e+32
55.3971   1.98983e+32
56.6901   1.96613e+32
58.0132   1.94287e+32
59.3673   1.92003e+32
60.7529   1.89761e+32
62.1709   1.87559e+32
63.622   1.85397e+32
65.1069   1.83273e+32
66.6265   1.81188e+32
68.1816   1.79139e+32
69.773   1.77127e+32
71.4015   1.75149e+32
73.068   1.73206e+32
74.7735   1.71296e+32
76.5187   1.69418e+32
78.3047   1.67571e+32
80.1323   1.65755e+32
82.0026   1.63969e+32
83.9166   1.62211e+32
85.8752   1.60481e+32
87.8795   1.58778e+32
89.9307   1.57101e+32
92.0297   1.55449e+32
94.1777   1.53821e+32
96.3758   1.52216e+32
98.6252   1.50634e+32
100.927   1.49074e+32
103.283   1.47534e+32
105.693   1.46015e+32
108.16   1.44514e+32
110.685   1.43033e+32
113.268   1.41569e+32
115.912   1.40122e+32
118.617   1.38691e+32
121.386   1.37275e+32
124.219   1.35875e+32
127.118   1.34488e+32
130.085   1.33115e+32
133.122   1.31755e+32
136.229   1.30407e+32
139.408   1.29071e+32
142.662   1.27746e+32
145.992   1.26432e+32
149.399   1.25127e+32
152.886   1.23832e+32
156.455   1.22546e+32
160.106   1.21268e+32
163.843   1.19999e+32
167.668   1.18737e+32
171.581   1.17483e+32
175.586   1.16235e+32
179.684   1.14995e+32
183.878   1.1376e+32
188.169   1.12532e+32
192.561   1.11309e+32
197.056   1.10092e+32
201.655   1.0888e+32
206.362   1.07673e+32
211.178   1.06471e+32
216.107   1.05273e+32
221.151   1.0408e+32
226.313   1.02892e+32
231.595   1.01708e+32
237.001   1.00528e+32
242.532   9.93522e+31
248.193   9.81804e+31
253.986   9.70127e+31
259.914   9.5849e+31
265.98   9.46893e+31
272.188   9.35335e+31
278.541   9.23817e+31
285.043   9.12338e+31
291.696   9.009e+31
298.504   8.89501e+31
305.471   8.78143e+31
312.601   8.66826e+31
319.897   8.55551e+31
327.363   8.44317e+31
335.004   8.33125e+31
342.823   8.21975e+31
350.825   8.10869e+31
359.013   7.99806e+31
367.392   7.88786e+31
375.967   7.7781e+31
384.743   7.66879e+31
393.723   7.55991e+31
402.912   7.45148e+31
412.316   7.34348e+31
421.94   7.23592e+31
431.788   7.12879e+31
441.866   7.02209e+31
452.179   6.91581e+31
462.733   6.80994e+31
473.533   6.70446e+31
484.586   6.59937e+31
495.896   6.49464e+31
507.471   6.39027e+31
519.315   6.28622e+31
531.436   6.18249e+31
543.84   6.07903e+31
556.533   5.97583e+31
569.523   5.87286e+31
582.815   5.77007e+31
596.418   5.66745e+31
610.339   5.56495e+31
624.584   5.46253e+31
639.162   5.36016e+31
654.081   5.25779e+31
669.347   5.15538e+31
684.97   5.05289e+31
700.957   4.95028e+31
717.317   4.8475e+31
734.06   4.74451e+31
751.193   4.64127e+31
768.726   4.53775e+31
786.668   4.4339e+31
805.029   4.3297e+31
823.819   4.22512e+31
843.047   4.12013e+31
862.724   4.01473e+31
882.86   3.90891e+31
903.466   3.80267e+31
924.553   3.69602e+31
946.132   3.58898e+31
968.215   3.48158e+31
990.814   3.37388e+31
1013.94   3.26593e+31
1037.61   3.15781e+31
1061.82   3.04959e+31
1086.61   2.94137e+31
1111.97   2.83328e+31
1137.92   2.72544e+31
1164.48   2.61799e+31
1191.66   2.51109e+31
1219.47   2.40488e+31
1247.94   2.29956e+31
1277.06   2.19531e+31
1306.87   2.0923e+31
1337.37   1.99073e+31
1368.59   1.89081e+31
1400.53   1.79271e+31
1433.22   1.69663e+31
1466.67   1.60276e+31
1500.9   1.51127e+31
1535.93   1.42232e+31
1571.78   1.33608e+31
1608.47   1.25267e+31
1646.01   1.17223e+31
1684.43   1.09485e+31
1723.74   1.02063e+31
1763.98   9.49619e+30
1805.15   8.81873e+30
1847.28   8.17417e+30
1890.4   7.56257e+30
1934.52   6.98379e+30
1979.67   6.43755e+30
2025.88   5.92335e+30
2073.16   5.44057e+30
2121.55   4.98845e+30
2171.07   4.56609e+30
2221.74   4.17248e+30
2273.6   3.80656e+30
2326.66   3.46715e+30
2380.97   3.15305e+30
2436.54   2.86302e+30
2493.41   2.59576e+30
2551.61   2.35001e+30
2611.16   2.12449e+30
2672.11   1.91793e+30
2734.47   1.72909e+30
2798.3   1.55676e+30
2863.61   1.39977e+30
2930.45   1.25699e+30
2998.84   1.12735e+30
3068.84   1.00982e+30
3140.47   9.03439e+29
3213.76   8.07276e+29
3288.77   7.20476e+29
3365.53   6.42232e+29
3444.09   5.71793e+29
3524.47   5.08459e+29
3606.73   4.51583e+29
3690.92   4.00567e+29
3777.06   3.54858e+29
3865.22   3.13951e+29
3955.44   2.77379e+29
4047.76   2.44719e+29
4142.23   2.15581e+29
4238.91   1.89613e+29
4337.85   1.66491e+29
4439.1   1.45925e+29
4542.71   1.2765e+29
4648.73   1.11425e+29
4757.24   9.70343e+28
4868.27   8.42832e+28
4981.9   7.29952e+28
5098.18   6.30122e+28
5217.17   2.30472e+28
5338.94   1.56523e+28
5463.55   1.03929e+28
5591.07   6.79937e+27
5721.57   4.41256e+27
5855.11   2.85545e+27
5991.77   1.84959e+27
6131.62   1.20236e+27
6274.73   7.85818e+26
6421.19   5.1693e+26
6571.06   3.42509e+26
6724.43   2.28678e+26
6881.38   1.53879e+26
7041.99   1.04372e+26
7206.35   7.13566e+25
7374.55   4.91708e+25
7546.67   3.41477e+25
7722.81   2.38973e+25
7903.07   1.68504e+25
8087.52   1.19697e+25
8276.29   8.56452e+24
8469.46   6.1717e+24
8667.14   4.47837e+24
8869.43   3.27177e+24
9076.45   2.40618e+24
9288.29   1.78112e+24
9505.08   1.32681e+24
9726.93   9.94527e+23
9953.96   7.49984e+23
10186.3   5.68924e+23
10424   4.34075e+23
10667.3   3.33062e+23
10916.3   2.56966e+23
11171.1   1.99326e+23
11431.8   1.5543e+23
11698.7   1.21823e+23
11971.7   9.59626e+22
12251.1   7.59621e+22
12537.1   6.04177e+22
12829.7   4.82787e+22
13129.1   3.87545e+22
13435.6   3.12476e+22
13749.2   2.53042e+22
14070.1   2.05781e+22
14398.5   1.68039e+22
14734.5   1.37772e+22
15078.5   1.13402e+22
15430.4   9.37005e+21
15790.5   7.77116e+21
16159.1   6.46863e+21
16536.2   5.40358e+21
16922.2   4.52956e+21
17317.2   3.80975e+21
17721.4   3.21488e+21
18135   2.72161e+21
18558.3   2.31123e+21
18991.4   1.96871e+21
19434.7   1.68192e+21
19888.3   1.44106e+21
20352.5   1.23815e+21
20827.5   1.06672e+21
21313.6   9.2147e+20
21811.1   7.9805e+20
22320.2   6.92893e+20
22841.1   6.03056e+20
23374.2   5.26107e+20
23919.8   4.60027e+20
24478.1   4.03138e+20
25049.4   3.54044e+20
25634.1   3.11574e+20
26232.4   2.74749e+20
26844.6   2.42746e+20
27471.2   2.14871e+20
28112.4   1.90538e+20
28768.5   1.69252e+20
29440   1.50593e+20
30127.1   1.34203e+20
30830.3   1.19777e+20
31549.9   1.07055e+20
32286.3   9.58146e+19
33039.9   8.58637e+19
33811   7.70386e+19
34600.2   6.91976e+19
35407.7   6.22185e+19
36234.2   5.59959e+19
37079.9   5.04382e+19
37945.3   4.54659e+19
38831   4.10099e+19
39737.3   3.70101e+19
40664.8   3.3414e+19
41613.9   3.01757e+19
42585.2   2.72549e+19
43579.1   2.46164e+19
44596.3   2.22293e+19
45637.2   2.00664e+19
46702.3   1.81036e+19
47792.4   1.63198e+19
48907.9   1.46964e+19
50049.4   1.32169e+19
51217.6   1.18667e+19
52413   1.0633e+19
53636.3   9.50446e+18
54888.2   8.47096e+18
56169.3   7.52371e+18
57480.3   6.65494e+18
58821.9   5.85788e+18
60194.8   5.12661e+18
61599.8   4.45606e+18
63037.5   3.8419e+18
64508.8   3.28051e+18
66014.5   2.76895e+18
67555.3   2.30487e+18
69132   1.88653e+18
70745.6   1.51269e+18
72396.8   1.18259e+18
74086.6   8.95785e+17
75815.8   6.51992e+17
77585.3   4.50847e+17
79396.2   2.91538e+17
81249.3   1.72343e+17
83145.7   9.00661e+16
85086.3   3.95514e+16
87072.2   1.35432e+16
89104.5   3.38104e+15
91184.3   8.62642e+14
93312.5   5.80759e+14
95490.4   5.91479e+14
97719.2   6.07197e+14
100000   4.47628e+20
