1   1.74835e+29
1.50053   1.18758e+29
2.00105   9.07552e+28
2.50158   7.39829e+28
3.00211   6.27914e+28
3.50263   5.47711e+28
4.00316   4.87251e+28
4.50369   4.39926e+28
5.00421   4.01789e+28
5.50474   3.70338e+28
6.00527   3.43907e+28
6.50579   3.21348e+28
7.00632   3.01838e+28
7.50685   2.84774e+28
8.00737   2.69706e+28
8.5079   2.56287e+28
9.00843   2.44246e+28
9.50895   2.33371e+28
10.0095   2.23492e+28
10.51   2.14468e+28
11.0105   2.06186e+28
11.5111   1.98552e+28
12.0116   1.91486e+28
12.5121   1.84923e+28
13.0126   1.78806e+28
13.5132   1.73086e+28
14.0137   1.67722e+28
14.5142   1.62679e+28
15.0147   1.57924e+28
15.5153   1.53431e+28
16.0158   1.49176e+28
16.5163   1.45137e+28
17.0169   1.41296e+28
17.5174   1.37635e+28
18.0179   1.34142e+28
18.5184   1.30801e+28
19.019   1.27601e+28
19.5195   1.24531e+28
20.02   1.21583e+28
20.5205   1.18746e+28
21.0211   1.16013e+28
21.5216   1.13377e+28
22.0221   1.10831e+28
22.5226   1.08369e+28
23.0232   1.05986e+28
23.5237   1.03678e+28
24.0242   1.01438e+28
24.5247   9.92634e+27
25.0253   9.71501e+27
25.5258   9.50945e+27
26.0263   9.30935e+27
26.5269   9.1144e+27
27.0274   8.92432e+27
27.5279   8.73887e+27
28.0284   8.55782e+27
28.529   8.38094e+27
29.0295   8.20804e+27
29.53   8.03894e+27
30.0305   7.87348e+27
30.5311   7.71149e+27
31.0316   7.55283e+27
31.5321   7.39738e+27
32.0326   7.24501e+27
32.5332   7.09561e+27
33.0337   6.94907e+27
33.5342   6.80531e+27
34.0348   6.66423e+27
34.5353   6.52576e+27
35.0358   6.38982e+27
35.5363   6.25634e+27
36.0369   6.12525e+27
36.5374   5.99651e+27
37.0379   5.87006e+27
37.5384   5.74585e+27
38.039   5.62383e+27
38.5395   5.50397e+27
39.04   5.38621e+27
39.5405   5.27053e+27
40.0411   5.1569e+27
40.5416   5.04527e+27
41.0421   4.93563e+27
41.5427   4.82794e+27
42.0432   4.72218e+27
42.5437   4.61833e+27
43.0442   4.51635e+27
43.5448   4.41624e+27
44.0453   4.31796e+27
44.5458   4.22149e+27
45.0463   4.12683e+27
45.5469   4.03394e+27
46.0474   3.93962e+27
46.5479   3.82954e+27
47.0484   3.72245e+27
47.549   3.61827e+27
48.0495   3.51692e+27
48.55   3.41834e+27
49.0506   3.32246e+27
49.5511   3.2292e+27
50.0516   3.1385e+27
50.5521   3.0503e+27
51.0527   2.96453e+27
51.5532   2.88114e+27
52.0537   2.80006e+27
52.5542   2.72123e+27
53.0548   2.6446e+27
53.5553   2.57011e+27
54.0558   2.49771e+27
54.5563   2.42735e+27
55.0569   2.35896e+27
55.5574   2.29251e+27
56.0579   2.22794e+27
56.5584   2.1652e+27
57.059   2.10425e+27
57.5595   2.04504e+27
58.06   1.98752e+27
58.5606   1.93164e+27
59.0611   1.87737e+27
59.5616   1.82467e+27
60.0621   1.77348e+27
60.5627   1.72376e+27
61.0632   1.67549e+27
61.5637   1.62861e+27
62.0642   1.5831e+27
62.5648   1.5389e+27
63.0653   1.49599e+27
63.5658   1.45434e+27
64.0663   1.41389e+27
64.5669   1.37463e+27
65.0674   1.33651e+27
65.5679   1.29951e+27
66.0685   1.26359e+27
66.569   1.22873e+27
67.0695   1.19488e+27
67.57   1.16203e+27
68.0706   1.13014e+27
68.5711   1.09918e+27
69.0716   1.06914e+27
69.5721   1.03997e+27
70.0727   1.01166e+27
70.5732   9.84181e+26
71.0737   9.57506e+26
71.5742   9.31614e+26
72.0748   9.0648e+26
72.5753   8.82082e+26
73.0758   8.58398e+26
73.5764   8.35407e+26
74.0769   8.13087e+26
74.5774   7.91419e+26
75.0779   7.70384e+26
75.5785   7.49961e+26
76.079   7.30134e+26
76.5795   7.10882e+26
77.08   6.9219e+26
77.5806   6.7404e+26
78.0811   6.56417e+26
78.5816   6.39302e+26
79.0821   6.22683e+26
79.5827   6.06543e+26
80.0832   5.90867e+26
80.5837   5.75643e+26
81.0843   5.60855e+26
81.5848   5.46491e+26
82.0853   5.32538e+26
82.5858   5.18983e+26
83.0864   5.05815e+26
83.5869   4.93021e+26
84.0874   4.8059e+26
84.5879   4.68511e+26
85.0885   4.56774e+26
85.589   4.45368e+26
86.0895   4.34283e+26
86.59   4.23509e+26
87.0906   4.13036e+26
87.5911   4.02857e+26
88.0916   3.92961e+26
88.5921   3.83341e+26
89.0927   3.73988e+26
89.5932   3.64894e+26
90.0937   3.5605e+26
90.5943   3.47451e+26
91.0948   3.39087e+26
91.5953   3.30953e+26
92.0958   3.23042e+26
92.5964   3.15346e+26
93.0969   3.07859e+26
93.5974   3.00575e+26
94.0979   2.93489e+26
94.5985   2.86593e+26
95.099   2.79883e+26
95.5995   2.73353e+26
96.1   2.66997e+26
96.6006   2.60811e+26
97.1011   2.5479e+26
97.6016   2.48928e+26
98.1022   2.43222e+26
98.6027   2.37665e+26
99.1032   2.32255e+26
99.6037   2.26987e+26
100.104   2.21856e+26
100.605   2.1686e+26
101.105   2.11993e+26
101.606   2.07252e+26
102.106   2.02633e+26
102.607   1.98134e+26
103.107   1.93749e+26
103.608   1.89478e+26
104.108   1.85315e+26
104.609   1.81258e+26
105.11   1.77304e+26
105.61   1.7345e+26
106.111   1.69693e+26
106.611   1.66031e+26
107.112   1.6246e+26
107.612   1.58978e+26
108.113   1.55583e+26
108.613   1.52273e+26
109.114   1.49044e+26
109.614   1.45895e+26
110.115   1.42824e+26
110.615   1.39827e+26
111.116   1.36904e+26
111.616   1.34052e+26
112.117   1.31269e+26
112.617   1.28554e+26
113.118   1.25904e+26
113.618   1.23318e+26
114.119   1.20794e+26
114.62   1.1833e+26
115.12   1.15925e+26
115.621   1.13577e+26
116.121   1.11285e+26
116.622   1.09047e+26
117.122   1.06861e+26
117.623   1.04727e+26
118.123   1.02642e+26
118.624   1.00607e+26
119.124   9.8618e+25
119.625   9.66755e+25
120.125   9.47778e+25
120.626   9.29237e+25
121.126   9.11122e+25
121.627   8.93421e+25
122.127   8.76123e+25
122.628   8.59218e+25
123.128   8.42696e+25
123.629   8.26547e+25
124.13   8.10762e+25
124.63   7.9533e+25
125.131   7.80244e+25
125.631   7.65493e+25
126.132   7.51071e+25
126.632   7.36968e+25
127.133   7.23177e+25
127.633   7.09689e+25
128.134   6.96497e+25
128.634   6.83593e+25
129.135   6.70971e+25
129.635   6.58623e+25
130.136   6.46543e+25
130.636   6.34724e+25
131.137   6.23159e+25
131.637   6.11843e+25
132.138   6.00768e+25
132.638   5.8993e+25
133.139   5.79323e+25
133.64   5.6894e+25
134.14   5.58777e+25
134.641   5.48828e+25
135.141   5.39088e+25
135.642   5.29551e+25
136.142   5.20214e+25
136.643   5.11072e+25
137.143   5.02119e+25
137.644   4.93351e+25
138.144   4.84764e+25
138.645   4.76353e+25
139.145   4.68115e+25
139.646   4.60045e+25
140.146   4.5214e+25
140.647   4.44395e+25
141.147   4.36807e+25
141.648   4.29372e+25
142.148   4.22087e+25
142.649   4.14947e+25
143.15   4.07951e+25
143.65   4.01094e+25
144.151   3.94374e+25
144.651   3.87787e+25
145.152   3.8133e+25
145.652   3.75e+25
146.153   3.68795e+25
146.653   3.62711e+25
147.154   3.56746e+25
147.654   3.50897e+25
148.155   3.45162e+25
148.655   3.39537e+25
149.156   3.34022e+25
149.656   3.28612e+25
150.157   3.23306e+25
150.657   3.18102e+25
151.158   3.12997e+25
151.658   3.07989e+25
152.159   3.03076e+25
152.66   2.98256e+25
153.16   2.93527e+25
153.661   2.88887e+25
154.161   2.84334e+25
154.662   2.79866e+25
155.162   2.75481e+25
155.663   2.71177e+25
156.163   2.66954e+25
156.664   2.62808e+25
157.164   2.58739e+25
157.665   2.54745e+25
158.165   2.50824e+25
158.666   2.46974e+25
159.166   2.43195e+25
159.667   2.39484e+25
160.167   2.3584e+25
160.668   2.32262e+25
161.169   2.28749e+25
161.669   2.25299e+25
162.17   2.2191e+25
162.67   2.18583e+25
163.171   2.15314e+25
163.671   2.12103e+25
164.172   2.0895e+25
164.672   2.05852e+25
165.173   2.02808e+25
165.673   1.99819e+25
166.174   1.96881e+25
166.674   1.93995e+25
167.175   1.91159e+25
167.675   0
168.176   0
168.676   0
169.177   0
169.677   0
170.178   0
170.679   0
171.179   0
171.68   0
172.18   0
172.681   0
173.181   0
173.682   0
174.182   0
174.683   0
175.183   0
175.684   0
176.184   0
176.685   0
177.185   0
177.686   0
178.186   0
178.687   0
179.187   0
179.688   0
180.189   0
180.689   0
181.19   0
181.69   0
182.191   0
182.691   0
183.192   0
183.692   0
184.193   0
184.693   0
185.194   0
185.694   0
186.195   0
186.695   0
187.196   0
187.696   0
188.197   0
188.697   0
189.198   0
189.699   0
190.199   0
190.7   0
191.2   0
191.701   0
192.201   0
192.702   0
193.202   0
193.703   0
194.203   0
194.704   0
195.204   0
195.705   0
196.205   0
196.706   0
197.206   0
197.707   0
198.207   0
198.708   0
199.209   0
199.709   0
200.21   0
200.71   0
201.211   0
201.711   0
202.212   0
202.712   0
203.213   0
203.713   0
204.214   0
204.714   0
205.215   0
205.715   0
206.216   0
206.716   0
207.217   0
207.717   0
208.218   0
208.719   0
209.219   0
209.72   0
210.22   0
210.721   0
211.221   0
211.722   0
212.222   0
212.723   0
213.223   0
213.724   0
214.224   0
214.725   0
215.225   0
215.726   0
216.226   0
216.727   0
217.227   0
217.728   0
218.229   0
218.729   0
219.23   0
219.73   0
220.231   0
220.731   0
221.232   0
221.732   0
222.233   0
222.733   0
223.234   0
223.734   0
224.235   0
224.735   0
225.236   0
225.736   0
226.237   0
226.737   0
227.238   0
227.739   0
228.239   0
228.74   0
229.24   0
229.741   0
230.241   0
230.742   0
231.242   0
231.743   0
232.243   0
232.744   0
233.244   0
233.745   0
234.245   0
234.746   0
235.246   0
235.747   0
236.247   0
236.748   0
237.249   0
237.749   0
238.25   0
238.75   0
239.251   0
239.751   0
240.252   0
240.752   0
241.253   0
241.753   0
242.254   0
242.754   0
243.255   0
243.755   0
244.256   0
244.756   0
245.257   0
245.757   0
246.258   0
246.759   0
247.259   0
247.76   0
248.26   0
248.761   0
249.261   0
249.762   0
250.262   0
250.763   0
