1   8.20275e+20
1.02334   7.96716e+20
1.04723   7.61648e+20
1.07167   7.42016e+20
1.09668   7.10745e+20
1.12228   6.82071e+20
1.14847   6.54097e+20
1.17528   6.31126e+20
1.20271   6.14102e+20
1.23078   5.92525e+20
1.25951   5.72812e+20
1.2889   5.47704e+20
1.31899   5.30024e+20
1.34977   5.13992e+20
1.38128   4.95693e+20
1.41352   4.8038e+20
1.44651   4.67055e+20
1.48027   4.4709e+20
1.51482   4.32743e+20
1.55018   4.21853e+20
1.58636   4.07935e+20
1.62338   3.95318e+20
1.66127   3.83654e+20
1.70005   3.69473e+20
1.73973   3.59553e+20
1.78033   3.48284e+20
1.82189   3.37936e+20
1.86441   3.26446e+20
1.90792   3.16992e+20
1.95246   3.07158e+20
1.99803   2.99004e+20
2.04466   2.89602e+20
2.09238   2.81234e+20
2.14122   2.72765e+20
2.1912   2.64942e+20
2.24234   2.57544e+20
2.29468   2.50285e+20
2.34823   2.42745e+20
2.40304   2.3606e+20
2.45913   2.2913e+20
2.51653   2.22705e+20
2.57526   2.16658e+20
2.63537   2.1059e+20
2.69688   2.04755e+20
2.75983   1.99085e+20
2.82424   1.9343e+20
2.89016   1.8811e+20
2.95762   1.83127e+20
3.02665   1.78085e+20
3.09729   1.73235e+20
3.16958   1.68585e+20
3.24356   1.64059e+20
3.31927   1.59568e+20
3.39674   1.55397e+20
3.47602   1.51293e+20
3.55715   1.47277e+20
3.64017   1.4336e+20
3.72514   1.3965e+20
3.81208   1.35945e+20
3.90106   1.32475e+20
3.99211   1.28938e+20
4.08529   1.25711e+20
4.18064   1.22738e+20
4.27821   1.19353e+20
4.37807   1.16303e+20
4.48025   1.1336e+20
4.58482   1.10482e+20
4.69183   1.07657e+20
4.80134   1.05e+20
4.91341   1.02346e+20
5.02809   9.98055e+19
5.14544   9.73073e+19
5.26554   9.49028e+19
5.38844   9.26114e+19
5.51421   9.03246e+19
5.64291   8.81099e+19
5.77462   8.59604e+19
5.9094   8.38686e+19
6.04732   8.18378e+19
6.18847   7.98646e+19
6.33291   7.79388e+19
6.48072   7.60752e+19
6.63198   7.4259e+19
6.78677   7.24959e+19
6.94518   7.07763e+19
7.10728   6.91064e+19
7.27317   6.75114e+19
7.44292   6.59334e+19
7.61664   6.4395e+19
7.79442   6.29022e+19
7.97634   6.14446e+19
8.16251   6.00345e+19
8.35302   5.86569e+19
8.54798   5.7319e+19
8.7475   5.60153e+19
8.95166   5.47464e+19
9.1606   5.35098e+19
9.37441   5.23086e+19
9.59321   5.11379e+19
9.81712   4.99977e+19
10.0463   4.88891e+19
10.2807   4.78081e+19
10.5207   4.67561e+19
10.7662   4.57315e+19
11.0175   4.47561e+19
11.2747   4.37854e+19
11.5378   4.28416e+19
11.8071   4.19225e+19
12.0827   4.10266e+19
12.3647   4.01542e+19
12.6533   3.93042e+19
12.9486   3.84757e+19
13.2509   3.76693e+19
13.5602   3.6883e+19
13.8766   3.61172e+19
14.2005   3.53705e+19
14.532   3.46428e+19
14.8712   3.3934e+19
15.2183   3.32429e+19
15.5734   3.25692e+19
15.9369   3.19127e+19
16.3089   3.12725e+19
16.6896   3.06483e+19
17.0791   3.004e+19
17.4777   2.94466e+19
17.8857   2.88682e+19
18.3031   2.83039e+19
18.7303   2.77539e+19
19.1675   2.72172e+19
19.6149   2.66939e+19
20.0727   2.61833e+19
20.5412   2.56852e+19
21.0206   2.51992e+19
21.5112   2.47251e+19
22.0133   2.42737e+19
22.5271   2.38227e+19
23.0529   2.33841e+19
23.591   2.29558e+19
24.1416   2.25376e+19
24.705   2.21293e+19
25.2817   2.17305e+19
25.8717   2.1341e+19
26.4756   2.09606e+19
27.0935   2.0589e+19
27.7259   2.0226e+19
28.373   1.98714e+19
29.0353   1.95249e+19
29.713   1.91863e+19
30.4065   1.88553e+19
31.1162   1.85319e+19
31.8424   1.82157e+19
32.5856   1.79065e+19
33.3462   1.76042e+19
34.1245   1.73086e+19
34.921   1.70194e+19
35.736   1.67365e+19
36.5701   1.64598e+19
37.4237   1.61889e+19
38.2971   1.59239e+19
39.191   1.56644e+19
40.1057   1.54104e+19
41.0418   1.51617e+19
41.9997   1.49181e+19
42.98   1.46795e+19
43.9832   1.44457e+19
45.0098   1.42166e+19
46.0603   1.39921e+19
47.1353   1.37721e+19
48.2355   1.35563e+19
49.3613   1.33447e+19
50.5134   1.31372e+19
51.6924   1.29336e+19
52.8989   1.27339e+19
54.1336   1.25379e+19
55.3971   1.23454e+19
56.6901   1.21565e+19
58.0132   1.1971e+19
59.3673   1.17888e+19
60.7529   1.16098e+19
62.1709   1.1434e+19
63.622   1.12611e+19
65.1069   1.10912e+19
66.6265   1.09242e+19
68.1816   1.076e+19
69.773   1.05985e+19
71.4015   1.04397e+19
73.068   1.02834e+19
74.7735   1.01296e+19
76.5187   9.9783e+18
78.3047   9.82937e+18
80.1323   9.68278e+18
82.0026   9.53847e+18
83.9166   9.39639e+18
85.8752   9.25649e+18
87.8795   9.11873e+18
89.9307   8.98307e+18
92.0297   8.84947e+18
94.1777   8.71789e+18
96.3758   8.5883e+18
98.6252   8.46066e+18
100.927   8.33494e+18
103.283   8.21111e+18
105.693   8.08915e+18
108.16   7.96903e+18
110.685   7.85072e+18
113.268   7.7342e+18
115.912   7.61945e+18
118.617   7.50643e+18
121.386   7.39514e+18
124.219   7.28555e+18
127.118   7.17762e+18
130.085   7.07135e+18
133.122   6.96671e+18
136.229   6.86368e+18
139.408   6.76222e+18
142.662   6.66232e+18
145.992   6.56395e+18
149.399   6.46709e+18
152.886   6.3717e+18
156.455   6.27777e+18
160.106   6.18526e+18
163.843   6.09414e+18
167.668   6.00439e+18
171.581   5.91597e+18
175.586   5.82885e+18
179.684   5.74301e+18
183.878   5.6584e+18
188.169   5.575e+18
192.561   5.49277e+18
197.056   5.41168e+18
201.655   5.3317e+18
206.362   5.25279e+18
211.178   5.17493e+18
216.107   5.09807e+18
221.151   5.02219e+18
226.313   4.94725e+18
231.595   4.87322e+18
237.001   4.80008e+18
242.532   4.72778e+18
248.193   4.6563e+18
253.986   4.58561e+18
259.914   4.51569e+18
265.98   4.4465e+18
272.188   4.37802e+18
278.541   4.31022e+18
285.043   4.24309e+18
291.696   4.17658e+18
298.504   4.11069e+18
305.471   4.04539e+18
312.601   3.98067e+18
319.897   3.91649e+18
327.363   3.85285e+18
335.004   3.78972e+18
342.823   3.7271e+18
350.825   3.66496e+18
359.013   3.60329e+18
367.392   3.54207e+18
375.967   3.48131e+18
384.743   3.42097e+18
393.723   3.36106e+18
402.912   3.30156e+18
412.316   3.24246e+18
421.94   3.18376e+18
431.788   3.12544e+18
441.866   3.0675e+18
452.179   3.00993e+18
462.733   2.95272e+18
473.533   2.89587e+18
484.586   2.83937e+18
495.896   2.78322e+18
507.471   2.7274e+18
519.315   2.67192e+18
531.436   2.61677e+18
543.84   2.56195e+18
556.533   2.50744e+18
569.523   2.45326e+18
582.815   2.39938e+18
596.418   2.34582e+18
610.339   2.29256e+18
624.584   2.23961e+18
639.162   2.18696e+18
654.081   2.13461e+18
669.347   2.08256e+18
684.97   2.03081e+18
700.957   1.97936e+18
717.317   1.92821e+18
734.06   1.87737e+18
751.193   1.82682e+18
768.726   1.77659e+18
786.668   1.72667e+18
805.029   1.67708e+18
823.819   1.62781e+18
843.047   1.57888e+18
862.724   1.5303e+18
882.86   1.48209e+18
903.466   1.43425e+18
924.553   1.3868e+18
946.132   1.33977e+18
968.215   1.29317e+18
990.814   1.24703e+18
1013.94   1.20137e+18
1037.61   1.15621e+18
1061.82   1.11159e+18
1086.61   1.06753e+18
1111.97   1.02408e+18
1137.92   9.81257e+17
1164.48   9.39104e+17
1191.66   8.97658e+17
1219.47   8.56957e+17
1247.94   8.17042e+17
1277.06   7.77953e+17
1306.87   7.39731e+17
1337.37   7.02418e+17
1368.59   6.66057e+17
1400.53   6.30689e+17
1433.22   5.96357e+17
1466.67   5.63103e+17
1500.9   5.30967e+17
1535.93   4.99992e+17
1571.78   4.70217e+17
1608.47   4.4168e+17
1646.01   4.14423e+17
1684.43   3.88477e+17
1723.74   3.63871e+17
1763.98   3.40689e+17
1805.15   3.19027e+17
1847.28   2.98887e+17
1890.4   2.80318e+17
1934.52   2.63368e+17
1979.67   2.48086e+17
2025.88   2.3452e+17
2073.16   2.22716e+17
2121.55   2.12718e+17
2171.07   2.04563e+17
2221.74   1.98282e+17
2273.6   1.93894e+17
2326.66   1.91405e+17
2380.97   1.90803e+17
2436.54   1.92056e+17
2493.41   1.95105e+17
2551.61   1.99865e+17
2611.16   2.06217e+17
2672.11   2.14009e+17
2734.47   2.23052e+17
2798.3   2.33127e+17
2863.61   2.43977e+17
2930.45   2.5532e+17
2998.84   2.66854e+17
3068.84   2.78261e+17
3140.47   2.89226e+17
3213.76   2.99443e+17
3288.77   3.08633e+17
3365.53   3.16555e+17
3444.09   3.23022e+17
3524.47   3.27909e+17
3606.73   3.31159e+17
3690.92   3.32787e+17
3777.06   3.32877e+17
3865.22   3.31573e+17
3955.44   3.29058e+17
4047.76   3.25548e+17
4142.23   3.21264e+17
4238.91   3.16415e+17
4337.85   3.11189e+17
4439.1   3.05737e+17
4542.71   3.00219e+17
4648.73   2.94574e+17
4757.24   2.88967e+17
4868.27   2.83356e+17
4981.9   2.7782e+17
5098.18   2.72349e+17
5217.17   2.66938e+17
5338.94   2.61624e+17
5463.55   2.56395e+17
5591.07   2.51252e+17
5721.57   2.46197e+17
5855.11   2.41236e+17
5991.77   2.36363e+17
6131.62   2.31576e+17
6274.73   2.26921e+17
6421.19   2.22335e+17
6571.06   2.17838e+17
6724.43   2.13411e+17
6881.38   2.09055e+17
7041.99   2.04769e+17
7206.35   2.00549e+17
7374.55   1.96407e+17
7546.67   1.92324e+17
7722.81   1.88316e+17
7903.07   1.84359e+17
8087.52   1.80492e+17
8276.29   1.76682e+17
8469.46   1.72933e+17
8667.14   1.69261e+17
8869.43   1.65656e+17
9076.45   1.62113e+17
9288.29   1.58636e+17
9505.08   1.55226e+17
9726.93   1.51864e+17
9953.96   1.48594e+17
10186.3   1.45371e+17
10424   1.42227e+17
10667.3   1.39127e+17
10916.3   1.36099e+17
11171.1   1.33123e+17
11431.8   1.30225e+17
11698.7   1.27383e+17
11971.7   1.24608e+17
12251.1   1.21878e+17
12537.1   1.19211e+17
12829.7   1.16602e+17
13129.1   1.14058e+17
13435.6   1.11568e+17
13749.2   1.09133e+17
14070.1   1.06755e+17
14398.5   1.04416e+17
14734.5   1.02154e+17
15078.5   9.99353e+16
15430.4   9.77674e+16
15790.5   9.56534e+16
16159.1   9.35891e+16
16536.2   9.15704e+16
16922.2   8.96065e+16
17317.2   8.76766e+16
17721.4   8.58113e+16
18135   8.39756e+16
18558.3   8.21989e+16
18991.4   8.04591e+16
19434.7   7.87612e+16
19888.3   7.70918e+16
20352.5   7.54971e+16
20827.5   7.39235e+16
21313.6   7.23871e+16
21811.1   7.0891e+16
22320.2   6.9436e+16
22841.1   6.80184e+16
23374.2   6.66239e+16
23919.8   6.52853e+16
24478.1   6.39726e+16
25049.4   6.26945e+16
25634.1   6.14379e+16
26232.4   6.02297e+16
26844.6   5.90529e+16
27471.2   5.78945e+16
28112.4   5.67704e+16
28768.5   5.56756e+16
29440   5.46123e+16
30127.1   5.35738e+16
30830.3   5.25665e+16
31549.9   5.15829e+16
32286.3   5.06204e+16
33039.9   4.9695e+16
33811   4.8792e+16
34600.2   4.79153e+16
35407.7   4.70569e+16
36234.2   4.6228e+16
37079.9   4.54177e+16
37945.3   4.46304e+16
38831   4.38672e+16
39737.3   4.31247e+16
40664.8   4.24036e+16
41613.9   4.17044e+16
42585.2   4.10302e+16
43579.1   4.03706e+16
44596.3   3.97322e+16
45637.2   3.91137e+16
46702.3   3.85139e+16
47792.4   3.7933e+16
48907.9   3.73687e+16
50049.4   3.6819e+16
51217.6   3.62858e+16
52413   3.57608e+16
53636.3   3.52651e+16
54888.2   3.47712e+16
56169.3   3.42893e+16
57480.3   3.38148e+16
58821.9   3.33453e+16
60194.8   3.28766e+16
61599.8   3.24072e+16
63037.5   3.19272e+16
64508.8   3.14325e+16
66014.5   3.09162e+16
67555.3   3.03681e+16
69132   2.97701e+16
70745.6   2.91097e+16
72396.8   2.8366e+16
74086.6   2.75076e+16
75815.8   2.65016e+16
77585.3   2.5303e+16
79396.2   2.38513e+16
81249.3   2.208e+16
83145.7   1.99027e+16
85086.3   1.7228e+16
87072.2   1.39849e+16
89104.5   1.01863e+16
91184.3   6.07818e+15
93312.5   2.38607e+15
95490.4   3.12832e+14
97719.2   4.13254e+11
100000   0
