1   4.10604e+162
1.05956   3.89515e+162
1.12267   3.69909e+162
1.18953   3.51679e+162
1.26038   3.34726e+162
1.33545   3.18958e+162
1.41499   3.04285e+162
1.49927   2.90629e+162
1.58857   2.77913e+162
1.68318   2.66066e+162
1.78343   2.55024e+162
1.88965   2.44725e+162
2.0022   2.35112e+162
2.12145   2.26135e+162
2.24781   2.17743e+162
2.38169   2.09893e+162
2.52354   2.02542e+162
2.67384   1.95652e+162
2.8331   1.89188e+162
3.00184   1.83115e+162
3.18063   1.77403e+162
3.37006   1.72022e+162
3.57079   1.66944e+162
3.78346   1.62144e+162
4.00881   1.57594e+162
4.24757   1.53271e+162
4.50056   1.49146e+162
4.76861   1.45195e+162
5.05263   1.41388e+162
5.35357   1.37696e+162
5.67243   1.34082e+162
6.01028   1.30511e+162
6.36825   1.26937e+162
6.74754   1.23313e+162
7.14943   1.19582e+162
7.57525   1.15685e+162
8.02643   1.11554e+162
8.50449   1.07122e+162
9.01102   1.02325e+162
9.54772   9.71052e+161
10.1164   9.14255e+161
10.7189   8.52738e+161
11.3573   7.86747e+161
12.0338   7.16951e+161
12.7505   6.44465e+161
13.5099   5.70786e+161
14.3146   4.97675e+161
15.1672   4.26967e+161
16.0705   3.60374e+161
17.0277   2.99295e+161
18.0419   2.44702e+161
19.1164   1.97087e+161
20.255   1.56498e+161
21.4614   1.22614e+161
22.7397   9.48563e+160
24.094   7.24982e+160
25.5291   5.47567e+160
27.0496   4.08635e+160
28.6607   3.01105e+160
30.3677   2.18743e+160
32.1764   1.56248e+160
34.0929   3.38596e+159
36.1234   1.19085e+159
38.2749   4.0663e+158
40.5546   1.42156e+158
42.97   5.19022e+157
45.5294   1.99027e+157
48.2411   8.01853e+156
51.1143   3.38895e+156
54.1587   1.49924e+156
57.3844   6.92618e+155
60.8022   3.33359e+155
64.4236   1.66781e+155
68.2607   8.65476e+154
72.3263   4.64889e+154
76.6341   2.57981e+154
81.1984   1.4763e+154
86.0346   8.69672e+153
91.1589   5.26532e+153
96.5883   3.27124e+153
102.341   2.0825e+153
108.437   1.35659e+153
114.895   9.03105e+152
121.738   6.13655e+152
128.989   4.25112e+152
136.672   2.99919e+152
144.812   2.15268e+152
153.437   1.57038e+152
162.576   1.16328e+152
172.259   8.74268e+151
182.518   6.6608e+151
193.389   5.1404e+151
204.907   4.01552e+151
217.112   3.17295e+151
230.043   2.53443e+151
243.744   2.04517e+151
258.262   1.66634e+151
273.644   1.37009e+151
289.942   1.13622e+151
307.211   9.49946e+150
325.509   8.00322e+150
344.896   6.79168e+150
365.438   5.80317e+150
387.204   4.99078e+150
410.266   4.31855e+150
434.701   3.75866e+150
460.592   3.28945e+150
488.025   2.89392e+150
517.092   2.55864e+150
547.89   2.27293e+150
580.523   2.02824e+150
615.099   1.81767e+150
651.734   1.63565e+150
690.551   1.47762e+150
731.681   1.33989e+150
775.26   1.21933e+150
821.434   1.11342e+150
870.359   1.02007e+150
922.198   9.3751e+149
977.124   8.6427e+149
1035.32   7.99113e+149
1096.99   7.41001e+149
1162.32   6.8906e+149
1231.55   6.42553e+149
1304.9   6.00865e+149
1382.62   5.63483e+149
1464.97   5.29985e+149
1552.23   5.00034e+149
1644.68   4.73368e+149
1742.63   4.49803e+149
1846.42   4.29229e+149
1956.4   4.1162e+149
2072.92   3.97037e+149
2196.39   3.8564e+149
2327.2   3.77711e+149
2465.81   3.73674e+149
2612.68   3.74122e+149
2768.29   3.79859e+149
2933.17   3.91934e+149
3107.87   4.11696e+149
3292.97   4.4083e+149
3489.1   4.81378e+149
3696.91   5.35717e+149
3917.1   6.06437e+149
4150.4   6.96034e+149
4397.6   8.06302e+149
4659.53   9.37241e+149
4937.05   1.08533e+150
5231.1   1.2411e+150
5542.66   1.38673e+150
5872.79   1.49395e+150
6222.57   1.52747e+150
6593.19   1.45414e+150
6985.88   1.26042e+150
7401.96   9.69872e+149
7842.82   6.44654e+149
8309.94   3.59866e+149
8804.88   1.64152e+149
9329.3   5.96517e+148
9884.96   1.68869e+148
10473.7   3.65449e+147
11097.5   5.95349e+146
11758.5   7.21287e+145
12458.8   6.43815e+144
13200.9   4.20378e+143
13987.1   1.99725e+142
14820.2   6.87729e+140
15702.9   1.71132e+139
16638.2   3.0707e+137
17629.1   3.96689e+135
18679.1   3.68522e+133
19791.7   2.4598e+131
20970.5   1.17891e+129
22219.5   4.05495e+126
23542.9   1.00059e+124
24945.1   1.77076e+121
26430.8   2.24696e+118
28005   2.04396e+115
29673   1.33266e+112
31440.4   6.22693e+108
33312.9   2.08485e+105
35297.1   5.00117e+101
37399.4   8.59435e+97
39626.9   1.05792e+94
41987.1   9.32701e+89
44487.8   5.88897e+85
47137.5   2.66256e+81
49945.1   8.61942e+76
52919.8   1.99771e+72
56071.7   3.31451e+67
59411.3   3.93638e+62
62949.9   3.34598e+57
66699.2   2.03543e+52
70671.8   8.86039e+46
74881   2.75977e+41
79341   6.14999e+35
84066.5   9.80428e+29
89073.5   1.11804e+24
94378.8   9.11913e+17
100000   5.31946e+11
