1   2.18828e+30
1.05956   2.05785e+30
1.12267   1.93631e+30
1.18953   1.82304e+30
1.26038   1.71747e+30
1.33545   1.61906e+30
1.41499   1.52729e+30
1.49927   1.4417e+30
1.58857   1.36184e+30
1.68318   1.28731e+30
1.78343   1.21771e+30
1.88965   1.1527e+30
2.0022   1.09195e+30
2.12145   1.03515e+30
2.24781   9.82015e+29
2.38169   9.32292e+29
2.52354   8.85736e+29
2.67384   8.42125e+29
2.8331   8.01254e+29
3.00184   7.62933e+29
3.18063   7.26986e+29
3.37006   6.93253e+29
3.57079   6.61585e+29
3.78346   6.31844e+29
4.00881   6.03904e+29
4.24757   5.77647e+29
4.50056   5.52967e+29
4.76861   5.29762e+29
5.05263   5.07941e+29
5.35357   4.87419e+29
5.67243   4.68116e+29
6.01028   4.49959e+29
6.36825   4.32879e+29
6.74754   4.16813e+29
7.14943   4.01701e+29
7.57525   3.87489e+29
8.02643   3.74124e+29
8.50449   3.61558e+29
9.01102   3.49744e+29
9.54772   3.38639e+29
10.1164   3.28203e+29
10.7189   3.18395e+29
11.3573   3.09179e+29
12.0338   3.00518e+29
12.7505   2.92379e+29
13.5099   2.84728e+29
14.3146   2.77534e+29
15.1672   2.70765e+29
16.0705   2.64392e+29
17.0277   2.58385e+29
18.0419   2.52715e+29
19.1164   2.47356e+29
20.255   2.4228e+29
21.4614   2.3746e+29
22.7397   2.32871e+29
24.094   2.28488e+29
25.5291   2.24287e+29
27.0496   2.20244e+29
28.6607   2.16336e+29
30.3677   2.12543e+29
32.1764   2.08842e+29
34.0929   2.05215e+29
36.1234   2.01643e+29
38.2749   1.98108e+29
40.5546   1.94595e+29
42.97   1.9109e+29
45.5294   1.87578e+29
48.2411   1.84047e+29
51.1143   1.80488e+29
54.1587   1.76892e+29
57.3844   1.73249e+29
60.8022   1.69554e+29
64.4236   1.65801e+29
68.2607   1.61985e+29
72.3263   1.58101e+29
76.6341   1.54144e+29
81.1984   1.50111e+29
86.0346   1.45997e+29
91.1589   1.41795e+29
96.5883   1.37498e+29
102.341   1.33098e+29
108.437   1.28582e+29
114.895   1.23939e+29
121.738   1.19152e+29
128.989   1.14207e+29
136.672   1.09085e+29
144.812   1.03771e+29
153.437   9.82534e+28
162.576   9.2524e+28
172.259   8.65852e+28
182.518   8.0451e+28
193.389   7.41507e+28
204.907   6.77305e+28
217.112   6.12543e+28
230.043   5.48019e+28
243.744   4.84651e+28
258.262   4.23412e+28
273.644   3.65258e+28
289.942   3.11046e+28
307.211   2.61462e+28
325.509   2.16974e+28
344.896   1.7781e+28
365.438   1.43963e+28
387.204   1.15221e+28
410.266   9.12174e+27
434.701   7.14789e+27
460.592   5.54779e+27
488.025   4.2675e+27
517.092   3.25522e+27
547.89   2.46342e+27
580.523   1.85009e+27
615.099   1.3792e+27
651.734   1.02056e+27
690.551   7.49443e+26
731.681   5.45883e+26
775.26   3.94035e+26
821.434   2.81461e+26
870.359   1.98508e+26
922.198   1.37749e+26
977.124   3.63016e+25
1035.32   1.27754e+25
1096.99   4.24717e+24
1162.32   1.42791e+24
1231.55   4.99196e+23
1304.9   1.83085e+23
1382.62   7.05525e+22
1464.97   2.85338e+22
1552.23   1.20866e+22
1644.68   5.34978e+21
1742.63   2.46849e+21
1846.42   1.18465e+21
1956.4   5.90018e+20
2072.92   3.04329e+20
2196.39   1.62244e+20
2327.2   8.92339e+19
2465.81   5.05427e+19
2612.68   2.94328e+19
2768.29   1.7594e+19
2933.17   1.07799e+19
3107.87   6.76041e+18
3292.97   4.33375e+18
3489.1   2.83625e+18
3696.91   1.89279e+18
3917.1   1.28663e+18
4150.4   8.89901e+17
4397.6   6.25655e+17
4659.53   4.46711e+17
4937.05   3.23617e+17
5231.1   2.37677e+17
5542.66   1.76828e+17
5872.79   1.33167e+17
6222.57   1.01444e+17
6593.19   7.81167e+16
6985.88   6.07689e+16
7401.96   4.7729e+16
7842.82   3.78272e+16
8309.94   3.02358e+16
8804.88   2.43623e+16
9329.3   1.97786e+16
9884.96   1.61718e+16
10473.7   1.33117e+16
11097.5   1.10268e+16
11758.5   9.18865e+15
12458.8   7.70004e+15
13200.9   6.48687e+15
13987.1   5.49224e+15
14820.2   4.67214e+15
15702.9   3.99228e+15
16638.2   3.42575e+15
17629.1   2.95135e+15
18679.1   2.55223e+15
19791.7   2.21493e+15
20970.5   1.92788e+15
22219.5   1.68397e+15
23542.9   1.47528e+15
24945.1   1.29607e+15
26430.8   1.14161e+15
28005   1.00803e+15
29673   8.92122e+14
31440.4   7.91227e+14
33312.9   7.03139e+14
35297.1   6.26016e+14
37399.4   5.5831e+14
39626.9   4.98722e+14
41987.1   4.46156e+14
44487.8   3.99682e+14
47137.5   3.58505e+14
49945.1   3.21945e+14
52919.8   2.89407e+14
56071.7   2.60364e+14
59411.3   2.34327e+14
62949.9   2.10812e+14
66699.2   1.89273e+14
70671.8   1.68983e+14
74881   1.48786e+14
79341   1.26563e+14
84066.5   9.81907e+13
89073.5   5.65321e+13
94378.8   1.24011
100000   1.50118e+15
