1   1.33621e+18
1.02334   1.28526e+18
1.04723   1.2369e+18
1.07167   1.19123e+18
1.09668   1.14742e+18
1.12228   1.10578e+18
1.14847   1.06652e+18
1.17528   1.02853e+18
1.20271   9.92472e+17
1.23078   9.58077e+17
1.25951   9.25427e+17
1.2889   8.94011e+17
1.31899   8.64013e+17
1.34977   8.35591e+17
1.38128   8.08037e+17
1.41352   7.81736e+17
1.44651   7.56553e+17
1.48027   7.32625e+17
1.51482   7.09438e+17
1.55018   6.87227e+17
1.58636   6.6592e+17
1.62338   6.45662e+17
1.66127   6.25966e+17
1.70005   6.07076e+17
1.73973   5.88922e+17
1.78033   5.71711e+17
1.82189   5.54818e+17
1.86441   5.38642e+17
1.90792   5.23078e+17
1.95246   5.08089e+17
1.99803   4.93817e+17
2.04466   4.79864e+17
2.09238   4.6644e+17
2.14122   4.53499e+17
2.1912   4.41017e+17
2.24234   4.29137e+17
2.29468   4.17472e+17
2.34823   4.06241e+17
2.40304   3.95399e+17
2.45913   3.84927e+17
2.51653   3.74809e+17
2.57526   3.65157e+17
2.63537   3.55687e+17
2.69688   3.4654e+17
2.75983   3.37697e+17
2.82424   3.29143e+17
2.89016   3.20865e+17
2.95762   3.12979e+17
3.02665   3.05198e+17
3.09729   2.97683e+17
3.16958   2.90408e+17
3.24356   2.83362e+17
3.31927   2.76535e+17
3.39674   2.69918e+17
3.47602   2.63628e+17
3.55715   2.57378e+17
3.64017   2.51344e+17
3.72514   2.45496e+17
3.81208   2.39824e+17
3.90106   2.3432e+17
3.99211   2.28979e+17
4.08529   2.23794e+17
4.18064   2.19199e+17
4.27821   2.13956e+17
4.37807   2.09203e+17
4.48025   2.04592e+17
4.58482   2.00113e+17
4.69183   1.95761e+17
4.80134   1.91531e+17
4.91341   1.87419e+17
5.02809   1.83421e+17
5.14544   1.79532e+17
5.26554   1.7575e+17
5.38844   1.72141e+17
5.51421   1.68556e+17
5.64291   1.65074e+17
5.77462   1.61685e+17
5.9094   1.58386e+17
6.04732   1.55174e+17
6.18847   1.52046e+17
6.33291   1.48999e+17
6.48072   1.46031e+17
6.63198   1.43139e+17
6.78677   1.4032e+17
6.94518   1.37574e+17
7.10728   1.34896e+17
7.27317   1.32342e+17
7.44292   1.29797e+17
7.61664   1.2732e+17
7.79442   1.24905e+17
7.97634   1.22549e+17
8.16251   1.20252e+17
8.35302   1.18011e+17
8.54798   1.15825e+17
8.7475   1.13692e+17
8.95166   1.11611e+17
9.1606   1.09581e+17
9.37441   1.076e+17
9.59321   1.05667e+17
9.81712   1.0378e+17
10.0463   1.01939e+17
10.2807   1.00142e+17
10.5207   9.83875e+16
10.7662   9.66754e+16
11.0175   9.50448e+16
11.2747   9.3415e+16
11.5378   9.18257e+16
11.8071   9.02739e+16
12.0827   8.87584e+16
12.3647   8.72779e+16
12.6533   8.58314e+16
12.9486   8.44181e+16
13.2509   8.30368e+16
13.5602   8.16867e+16
13.8766   8.03667e+16
14.2005   7.90758e+16
14.532   7.78132e+16
14.8712   7.65778e+16
15.2183   7.53688e+16
15.5734   7.41853e+16
15.9369   7.30263e+16
16.3089   7.1891e+16
16.6896   7.07784e+16
17.0791   6.96878e+16
17.4777   6.86183e+16
17.8857   6.75691e+16
18.3031   6.65393e+16
18.7303   6.55282e+16
19.1675   6.4535e+16
19.6149   6.3559e+16
20.0727   6.25995e+16
20.5412   6.16557e+16
21.0206   6.07273e+16
21.5112   5.9815e+16
22.0133   5.89421e+16
22.5271   5.80569e+16
23.0529   5.71881e+16
23.591   5.63309e+16
24.1416   5.54848e+16
24.705   5.46494e+16
25.2817   5.38242e+16
25.8717   5.30087e+16
26.4756   5.22026e+16
27.0935   5.14054e+16
27.7259   5.06167e+16
28.373   4.98362e+16
29.0353   4.90634e+16
29.713   4.8298e+16
30.4065   4.75397e+16
31.1162   4.67882e+16
31.8424   4.60431e+16
32.5856   4.53042e+16
33.3462   4.45711e+16
34.1245   4.38436e+16
34.921   4.31214e+16
35.736   4.24043e+16
36.5701   4.16921e+16
37.4237   4.09845e+16
38.2971   4.02812e+16
39.191   3.95822e+16
40.1057   3.88871e+16
41.0418   3.81958e+16
41.9997   3.7508e+16
42.98   3.68236e+16
43.9832   3.61425e+16
45.0098   3.54643e+16
46.0603   3.4789e+16
47.1353   3.41163e+16
48.2355   3.34461e+16
49.3613   3.27783e+16
50.5134   3.21126e+16
51.6924   3.14489e+16
52.8989   3.07871e+16
54.1336   3.01269e+16
55.3971   2.94684e+16
56.6901   2.88112e+16
58.0132   2.81554e+16
59.3673   2.75008e+16
60.7529   2.68473e+16
62.1709   2.61948e+16
63.622   2.55433e+16
65.1069   2.48927e+16
66.6265   2.42429e+16
68.1816   2.35941e+16
69.773   2.29462e+16
71.4015   2.22992e+16
73.068   2.16533e+16
74.7735   2.10086e+16
76.5187   2.03653e+16
78.3047   1.97235e+16
80.1323   1.90836e+16
82.0026   1.84458e+16
83.9166   1.78105e+16
85.8752   1.71781e+16
87.8795   1.6549e+16
89.9307   1.59239e+16
92.0297   1.53031e+16
94.1777   1.46875e+16
96.3758   1.40776e+16
98.6252   1.34742e+16
100.927   1.28781e+16
103.283   1.22901e+16
105.693   1.1711e+16
108.16   1.11418e+16
110.685   1.05834e+16
113.268   1.00368e+16
115.912   9.50281e+15
118.617   8.98255e+15
121.386   8.47698e+15
124.219   7.98708e+15
127.118   7.51384e+15
130.085   7.05822e+15
133.122   6.62115e+15
136.229   6.20356e+15
139.408   5.80625e+15
142.662   5.42994e+15
145.992   5.07644e+15
149.399   4.74773e+15
152.886   4.44397e+15
156.455   4.16617e+15
160.106   3.9153e+15
163.843   3.69232e+15
167.668   3.49815e+15
171.581   3.33365e+15
175.586   3.19957e+15
179.684   3.09656e+15
183.878   3.02506e+15
188.169   2.98529e+15
192.561   2.97721e+15
197.056   3.00039e+15
201.655   3.054e+15
206.362   3.13673e+15
211.178   3.24674e+15
216.107   3.38161e+15
221.151   3.53832e+15
226.313   3.71325e+15
231.595   3.90222e+15
237.001   4.10056e+15
242.532   4.30319e+15
248.193   4.50481e+15
253.986   4.70005e+15
259.914   4.8837e+15
265.98   5.05096e+15
272.188   5.19764e+15
278.541   5.32041e+15
285.043   5.41697e+15
291.696   5.48618e+15
298.504   5.52808e+15
305.471   5.54388e+15
312.601   5.53578e+15
319.897   5.50677e+15
327.363   5.46031e+15
335.004   5.40003e+15
342.823   5.32944e+15
350.825   5.25168e+15
359.013   5.16937e+15
367.392   5.085e+15
375.967   4.99799e+15
384.743   4.91088e+15
393.723   4.82371e+15
402.912   4.73655e+15
412.316   4.65063e+15
421.94   4.56572e+15
431.788   4.48177e+15
441.866   4.39938e+15
452.179   4.31825e+15
462.733   4.23839e+15
473.533   4.15991e+15
484.586   4.08276e+15
495.896   4.0069e+15
507.471   3.93284e+15
519.315   3.86002e+15
531.436   3.78828e+15
543.84   3.71764e+15
556.533   3.64801e+15
569.523   3.57928e+15
582.815   3.51187e+15
596.418   3.44495e+15
610.339   3.37921e+15
624.584   3.31419e+15
639.162   3.25037e+15
654.081   3.18726e+15
669.347   3.12494e+15
684.97   3.06356e+15
700.957   3.00297e+15
717.317   2.94312e+15
734.06   2.88435e+15
751.193   2.82599e+15
768.726   2.76902e+15
786.668   2.71242e+15
805.029   2.65685e+15
823.819   2.60215e+15
843.047   2.54802e+15
862.724   2.49465e+15
882.86   2.44244e+15
903.466   2.39093e+15
924.553   2.34002e+15
946.132   2.29e+15
968.215   2.24084e+15
990.814   2.19227e+15
1013.94   2.14436e+15
1037.61   2.09762e+15
1061.82   2.05132e+15
1086.61   2.00616e+15
1111.97   1.96158e+15
1137.92   1.91769e+15
1164.48   1.87477e+15
1191.66   1.83231e+15
1219.47   1.79073e+15
1247.94   1.74983e+15
1277.06   1.70968e+15
1306.87   1.6705e+15
1337.37   1.63192e+15
1368.59   1.59402e+15
1400.53   1.5568e+15
1433.22   1.52036e+15
1466.67   1.48467e+15
1500.9   1.44953e+15
1535.93   1.41524e+15
1571.78   1.38152e+15
1608.47   1.34886e+15
1646.01   1.31649e+15
1684.43   1.28494e+15
1723.74   1.25364e+15
1763.98   1.22352e+15
1805.15   1.19388e+15
1847.28   1.16501e+15
1890.4   1.13659e+15
1934.52   1.10878e+15
1979.67   1.08172e+15
2025.88   1.05518e+15
2073.16   1.02892e+15
2121.55   1.0038e+15
2171.07   9.78998e+14
2221.74   9.54699e+14
2273.6   9.31046e+14
2326.66   9.07843e+14
2380.97   8.85131e+14
2436.54   8.63153e+14
2493.41   8.4168e+14
2551.61   8.20456e+14
2611.16   7.99991e+14
2672.11   7.79927e+14
2734.47   7.60333e+14
2798.3   7.41289e+14
2863.61   7.2265e+14
2930.45   7.04407e+14
2998.84   6.86738e+14
3068.84   6.69383e+14
3140.47   6.52508e+14
3213.76   6.36025e+14
3288.77   6.19932e+14
3365.53   6.04237e+14
3444.09   5.89002e+14
3524.47   5.74118e+14
3606.73   5.59615e+14
3690.92   5.45429e+14
3777.06   5.31646e+14
3865.22   5.1818e+14
3955.44   5.05087e+14
4047.76   4.92326e+14
4142.23   4.7988e+14
4238.91   4.67736e+14
4337.85   4.55951e+14
4439.1   4.44443e+14
4542.71   4.33238e+14
4648.73   4.22294e+14
4757.24   4.11646e+14
4868.27   4.01309e+14
4981.9   3.91199e+14
5098.18   3.81382e+14
5217.17   3.71804e+14
5338.94   3.62482e+14
5463.55   3.53386e+14
5591.07   3.4455e+14
5721.57   3.35944e+14
5855.11   3.27545e+14
5991.77   3.19327e+14
6131.62   3.11465e+14
6274.73   3.03684e+14
6421.19   2.96143e+14
6571.06   2.88787e+14
6724.43   2.81645e+14
6881.38   2.74631e+14
7041.99   2.67898e+14
7206.35   2.61295e+14
7374.55   2.54868e+14
7546.67   2.4861e+14
7722.81   2.42515e+14
7903.07   2.36581e+14
8087.52   2.30797e+14
8276.29   2.25172e+14
8469.46   2.19694e+14
8667.14   2.1436e+14
8869.43   2.0915e+14
9076.45   2.04105e+14
9288.29   1.99188e+14
9505.08   1.94393e+14
9726.93   1.8973e+14
9953.96   1.85192e+14
10186.3   1.80773e+14
10424   1.76478e+14
10667.3   1.72296e+14
10916.3   1.68232e+14
11171.1   1.64254e+14
11431.8   1.60415e+14
11698.7   1.56658e+14
11971.7   1.53003e+14
12251.1   1.49438e+14
12537.1   1.45971e+14
12829.7   1.42582e+14
13129.1   1.39305e+14
13435.6   1.36102e+14
13749.2   1.32983e+14
14070.1   1.29941e+14
14398.5   1.2698e+14
14734.5   1.24099e+14
15078.5   1.21291e+14
15430.4   1.1856e+14
15790.5   1.15895e+14
16159.1   1.13302e+14
16536.2   1.10774e+14
16922.2   1.08315e+14
17317.2   1.05918e+14
17721.4   1.03584e+14
18135   1.0131e+14
18558.3   9.90952e+13
18991.4   9.69388e+13
19434.7   9.48391e+13
19888.3   9.27935e+13
20352.5   9.08022e+13
20827.5   8.88629e+13
21313.6   8.69748e+13
21811.1   8.51366e+13
22320.2   8.33462e+13
22841.1   8.16043e+13
23374.2   7.99084e+13
23919.8   7.82574e+13
24478.1   7.6653e+13
25049.4   7.50883e+13
25634.1   7.35674e+13
26232.4   7.20883e+13
26844.6   7.06495e+13
27471.2   6.9251e+13
28112.4   6.7891e+13
28768.5   6.65692e+13
29440   6.52831e+13
30127.1   6.40423e+13
30830.3   6.28279e+13
31549.9   6.16527e+13
32286.3   6.05129e+13
33039.9   5.94038e+13
33811   5.8337e+13
34600.2   5.72996e+13
35407.7   5.62967e+13
36234.2   5.53263e+13
37079.9   5.43877e+13
37945.3   5.34852e+13
38831   5.26122e+13
39737.3   5.17749e+13
40664.8   5.09691e+13
41613.9   5.01947e+13
42585.2   4.94527e+13
43579.1   4.8746e+13
44596.3   4.80769e+13
45637.2   4.74391e+13
46702.3   4.68359e+13
47792.4   4.62692e+13
48907.9   4.57389e+13
50049.4   4.52476e+13
51217.6   4.47957e+13
52413   4.43853e+13
53636.3   4.40184e+13
54888.2   4.36978e+13
56169.3   4.34256e+13
57480.3   4.32064e+13
58821.9   4.30445e+13
60194.8   4.29414e+13
61599.8   4.29065e+13
63037.5   4.29457e+13
64508.8   4.30672e+13
66014.5   4.32809e+13
67555.3   4.3601e+13
69132   4.40418e+13
70745.6   4.46228e+13
72396.8   4.53702e+13
74086.6   4.63142e+13
75815.8   4.75016e+13
77585.3   4.89841e+13
79396.2   5.0839e+13
81249.3   5.31724e+13
83145.7   5.6132e+13
85086.3   5.99333e+13
87072.2   6.48934e+13
89104.5   7.14837e+13
91184.3   8.03873e+13
93312.5   9.24133e+13
95490.4   1.071e+14
97719.2   1.0771e+14
100000   0
