1   3.24845e+20
1.02334   3.11346e+20
1.04723   2.99935e+20
1.07167   2.87551e+20
1.09668   2.76625e+20
1.12228   2.67328e+20
1.14847   2.57181e+20
1.17528   2.48762e+20
1.20271   2.39278e+20
1.23078   2.31725e+20
1.25951   2.23004e+20
1.2889   2.15323e+20
1.31899   2.07957e+20
1.34977   2.00686e+20
1.38128   1.9396e+20
1.41352   1.87387e+20
1.44651   1.81451e+20
1.48027   1.75474e+20
1.51482   1.6977e+20
1.55018   1.64441e+20
1.58636   1.58686e+20
1.62338   1.54081e+20
1.66127   1.48759e+20
1.70005   1.4425e+20
1.73973   1.39773e+20
1.78033   1.35482e+20
1.82189   1.31276e+20
1.86441   1.27374e+20
1.90792   1.23522e+20
1.95246   1.19925e+20
1.99803   1.16294e+20
2.04466   1.12793e+20
2.09238   1.0952e+20
2.14122   1.06303e+20
2.1912   1.03172e+20
2.24234   1.00237e+20
2.29468   9.73017e+19
2.34823   9.45197e+19
2.40304   9.17831e+19
2.45913   8.91912e+19
2.51653   8.66834e+19
2.57526   8.42201e+19
2.63537   8.18321e+19
2.69688   7.95989e+19
2.75983   7.73845e+19
2.82424   7.52397e+19
2.89016   7.31614e+19
2.95762   7.11827e+19
3.02665   6.92497e+19
3.09729   6.73604e+19
3.16958   6.55537e+19
3.24356   6.37855e+19
3.31927   6.20907e+19
3.39674   6.04254e+19
3.47602   5.8855e+19
3.55715   5.72856e+19
3.64017   5.57832e+19
3.72514   5.43229e+19
3.81208   5.29032e+19
3.90106   5.15343e+19
3.99211   5.02002e+19
4.08529   4.89087e+19
4.18064   4.77614e+19
4.27821   4.64565e+19
4.37807   4.52742e+19
4.48025   4.41318e+19
4.58482   4.30175e+19
4.69183   4.19413e+19
4.80134   4.0892e+19
4.91341   3.98758e+19
5.02809   3.88883e+19
5.14544   3.79294e+19
5.26554   3.69963e+19
5.38844   3.61083e+19
5.51421   3.52276e+19
5.64291   3.43746e+19
5.77462   3.35461e+19
5.9094   3.27393e+19
6.04732   3.19579e+19
6.18847   3.1196e+19
6.33291   3.04572e+19
6.48072   2.97388e+19
6.63198   2.90405e+19
6.78677   2.83612e+19
6.94518   2.77008e+19
7.10728   2.70587e+19
7.27317   2.64473e+19
7.44292   2.58398e+19
7.61664   2.5251e+19
7.79442   2.46772e+19
7.97634   2.41199e+19
8.16251   2.35776e+19
8.35302   2.30502e+19
8.54798   2.2537e+19
8.7475   2.20378e+19
8.95166   2.15519e+19
9.1606   2.10792e+19
9.37441   2.06193e+19
9.59321   2.01717e+19
9.81712   1.97361e+19
10.0463   1.9312e+19
10.2807   1.88992e+19
10.5207   1.84975e+19
10.7662   1.81064e+19
11.0175   1.7734e+19
11.2747   1.73636e+19
11.5378   1.70034e+19
11.8071   1.66528e+19
12.0827   1.63113e+19
12.3647   1.59786e+19
12.6533   1.56546e+19
12.9486   1.53389e+19
13.2509   1.50314e+19
13.5602   1.47318e+19
13.8766   1.44399e+19
14.2005   1.41555e+19
14.532   1.38783e+19
14.8712   1.36082e+19
15.2183   1.33448e+19
15.5734   1.30882e+19
15.9369   1.2838e+19
16.3089   1.2594e+19
16.6896   1.23562e+19
17.0791   1.21242e+19
17.4777   1.1898e+19
17.8857   1.16774e+19
18.3031   1.14622e+19
18.7303   1.12522e+19
19.1675   1.10474e+19
19.6149   1.08475e+19
20.0727   1.06524e+19
20.5412   1.0462e+19
21.0206   1.02761e+19
21.5112   1.00947e+19
22.0133   9.92185e+18
22.5271   9.74901e+18
23.0529   9.58081e+18
23.591   9.41646e+18
24.1416   9.25583e+18
24.705   9.09882e+18
25.2817   8.94535e+18
25.8717   8.79531e+18
26.4756   8.64861e+18
27.0935   8.50515e+18
27.7259   8.36483e+18
28.373   8.22758e+18
29.0353   8.09329e+18
29.713   7.96188e+18
30.4065   7.83326e+18
31.1162   7.70736e+18
31.8424   7.58409e+18
32.5856   7.46337e+18
33.3462   7.34513e+18
34.1245   7.22929e+18
34.921   7.11579e+18
35.736   7.00454e+18
36.5701   6.89549e+18
37.4237   6.78856e+18
38.2971   6.6837e+18
39.191   6.58084e+18
40.1057   6.47993e+18
41.0418   6.3809e+18
41.9997   6.28369e+18
42.98   6.18826e+18
43.9832   6.09456e+18
45.0098   6.00252e+18
46.0603   5.91211e+18
47.1353   5.82328e+18
48.2355   5.73597e+18
49.3613   5.65016e+18
50.5134   5.5658e+18
51.6924   5.48285e+18
52.8989   5.40127e+18
54.1336   5.32102e+18
55.3971   5.24209e+18
56.6901   5.16442e+18
58.0132   5.08799e+18
59.3673   5.01278e+18
60.7529   4.93875e+18
62.1709   4.86588e+18
63.622   4.79415e+18
65.1069   4.72353e+18
66.6265   4.65401e+18
68.1816   4.58555e+18
69.773   4.51815e+18
71.4015   4.45178e+18
73.068   4.38643e+18
74.7735   4.32208e+18
76.5187   4.25872e+18
78.3047   4.19633e+18
80.1323   4.1349e+18
82.0026   4.07441e+18
83.9166   4.01484e+18
85.8752   3.95619e+18
87.8795   3.89845e+18
89.9307   3.84159e+18
92.0297   3.78561e+18
94.1777   3.73049e+18
96.3758   3.67621e+18
98.6252   3.62277e+18
100.927   3.57015e+18
103.283   3.51833e+18
105.693   3.46731e+18
108.16   3.41705e+18
110.685   3.36755e+18
113.268   3.3188e+18
115.912   3.27076e+18
118.617   3.22344e+18
121.386   3.17681e+18
124.219   3.13085e+18
127.118   3.08554e+18
130.085   3.04088e+18
133.122   2.99683e+18
136.229   2.95338e+18
139.408   2.91052e+18
142.662   2.86822e+18
145.992   2.82647e+18
149.399   2.78525e+18
152.886   2.74454e+18
156.455   2.70432e+18
160.106   2.66458e+18
163.843   2.6253e+18
167.668   2.58646e+18
171.581   2.54804e+18
175.586   2.51004e+18
179.684   2.47243e+18
183.878   2.4352e+18
188.169   2.39833e+18
192.561   2.36182e+18
197.056   2.32564e+18
201.655   2.28979e+18
206.362   2.25425e+18
211.178   2.21902e+18
216.107   2.18407e+18
221.151   2.1494e+18
226.313   2.115e+18
231.595   2.08086e+18
237.001   2.04698e+18
242.532   2.01333e+18
248.193   1.97993e+18
253.986   1.94675e+18
259.914   1.91379e+18
265.98   1.88105e+18
272.188   1.84852e+18
278.541   1.81619e+18
285.043   1.78406e+18
291.696   1.75213e+18
298.504   1.72038e+18
305.471   1.68883e+18
312.601   1.65745e+18
319.897   1.62625e+18
327.363   1.59523e+18
335.004   1.56438e+18
342.823   1.5337e+18
350.825   1.50319e+18
359.013   1.47284e+18
367.392   1.44265e+18
375.967   1.41262e+18
384.743   1.38275e+18
393.723   1.35304e+18
402.912   1.32348e+18
412.316   1.29407e+18
421.94   1.26481e+18
431.788   1.23571e+18
441.866   1.20675e+18
452.179   1.17794e+18
462.733   1.14928e+18
473.533   1.12077e+18
484.586   1.09241e+18
495.896   1.0642e+18
507.471   1.03614e+18
519.315   1.00824e+18
531.436   9.80496e+17
543.84   9.52912e+17
556.533   9.25493e+17
569.523   8.98245e+17
582.815   8.71173e+17
596.418   8.44284e+17
610.339   8.17586e+17
624.584   7.91089e+17
639.162   7.64802e+17
654.081   7.38736e+17
669.347   7.12904e+17
684.97   6.87319e+17
700.957   6.61996e+17
717.317   6.36951e+17
734.06   6.122e+17
751.193   5.87762e+17
768.726   5.63656e+17
786.668   5.39902e+17
805.029   5.1652e+17
823.819   4.93532e+17
843.047   4.70962e+17
862.724   4.48831e+17
882.86   4.27163e+17
903.466   4.05981e+17
924.553   3.8531e+17
946.132   3.65174e+17
968.215   3.45594e+17
990.814   3.26597e+17
1013.94   3.08203e+17
1037.61   2.90437e+17
1061.82   2.73321e+17
1086.61   2.56876e+17
1111.97   2.41126e+17
1137.92   2.26086e+17
1164.48   2.11778e+17
1191.66   1.98217e+17
1219.47   1.85446e+17
1247.94   1.73516e+17
1277.06   1.6243e+17
1306.87   1.52214e+17
1337.37   1.42892e+17
1368.59   1.3449e+17
1400.53   1.27034e+17
1433.22   1.20548e+17
1466.67   1.15056e+17
1500.9   1.10577e+17
1535.93   1.07128e+17
1571.78   1.04719e+17
1608.47   1.03353e+17
1646.01   1.03025e+17
1684.43   1.03716e+17
1723.74   1.05395e+17
1763.98   1.08016e+17
1805.15   1.11515e+17
1847.28   1.15808e+17
1890.4   1.20795e+17
1934.52   1.26354e+17
1979.67   1.32347e+17
2025.88   1.3862e+17
2073.16   1.45007e+17
2121.55   1.51334e+17
2171.07   1.5743e+17
2221.74   1.63125e+17
2273.6   1.68268e+17
2326.66   1.72725e+17
2380.97   1.76392e+17
2436.54   1.79201e+17
2493.41   1.81118e+17
2551.61   1.82152e+17
2611.16   1.82347e+17
2672.11   1.81778e+17
2734.47   1.80548e+17
2798.3   1.78773e+17
2863.61   1.76572e+17
2930.45   1.74061e+17
2998.84   1.71341e+17
3068.84   1.68495e+17
3140.47   1.6561e+17
3213.76   1.62652e+17
3288.77   1.59714e+17
3365.53   1.56773e+17
3444.09   1.53869e+17
3524.47   1.50998e+17
3606.73   1.48163e+17
3690.92   1.45374e+17
3777.06   1.42633e+17
3865.22   1.39936e+17
3955.44   1.37282e+17
4047.76   1.34679e+17
4142.23   1.32119e+17
4238.91   1.29604e+17
4337.85   1.27153e+17
4439.1   1.24739e+17
4542.71   1.22363e+17
4648.73   1.20023e+17
4757.24   1.17716e+17
4868.27   1.15441e+17
4981.9   1.13197e+17
5098.18   1.1099e+17
5217.17   1.0881e+17
5338.94   1.06656e+17
5463.55   1.0454e+17
5591.07   1.02454e+17
5721.57   1.00397e+17
5855.11   9.83669e+16
5991.77   9.63652e+16
6131.62   9.43925e+16
6274.73   9.24531e+16
6421.19   9.05401e+16
6571.06   8.86537e+16
6724.43   8.68031e+16
6881.38   8.49722e+16
7041.99   8.31814e+16
7206.35   8.14127e+16
7374.55   7.96715e+16
7546.67   7.79536e+16
7722.81   7.62726e+16
7903.07   7.46191e+16
8087.52   7.29853e+16
8276.29   7.13896e+16
8469.46   6.98184e+16
8667.14   6.82753e+16
8869.43   6.67611e+16
9076.45   6.52682e+16
9288.29   6.38058e+16
9505.08   6.23712e+16
9726.93   6.09548e+16
9953.96   5.95822e+16
10186.3   5.82236e+16
10424   5.68977e+16
10667.3   5.55926e+16
10916.3   5.43093e+16
11171.1   5.30637e+16
11431.8   5.18412e+16
11698.7   5.06432e+16
11971.7   4.94653e+16
12251.1   4.83156e+16
12537.1   4.71883e+16
12829.7   4.60836e+16
13129.1   4.50074e+16
13435.6   4.39524e+16
13749.2   4.29222e+16
14070.1   4.19101e+16
14398.5   4.09251e+16
14734.5   3.99549e+16
15078.5   3.90148e+16
15430.4   3.80949e+16
15790.5   3.71911e+16
16159.1   3.63129e+16
16536.2   3.5456e+16
16922.2   3.46183e+16
17317.2   3.37984e+16
17721.4   3.29981e+16
18135   3.22196e+16
18558.3   3.14576e+16
18991.4   3.07068e+16
19434.7   2.99893e+16
19888.3   2.92852e+16
20352.5   2.85974e+16
20827.5   2.79232e+16
21313.6   2.7268e+16
21811.1   2.66318e+16
22320.2   2.60093e+16
22841.1   2.54015e+16
23374.2   2.48064e+16
23919.8   2.42376e+16
24478.1   2.36779e+16
25049.4   2.313e+16
25634.1   2.26005e+16
26232.4   2.20828e+16
26844.6   2.15813e+16
27471.2   2.1089e+16
28112.4   2.06161e+16
28768.5   2.01517e+16
29440   1.97033e+16
30127.1   1.92666e+16
30830.3   1.88413e+16
31549.9   1.84201e+16
32286.3   1.80278e+16
33039.9   1.76399e+16
33811   1.72638e+16
34600.2   1.68997e+16
35407.7   1.65458e+16
36234.2   1.62027e+16
37079.9   1.58713e+16
37945.3   1.55509e+16
38831   1.5242e+16
39737.3   1.49437e+16
40664.8   1.46558e+16
41613.9   1.43789e+16
42585.2   1.41111e+16
43579.1   1.38507e+16
44596.3   1.36109e+16
45637.2   1.33765e+16
46702.3   1.31513e+16
47792.4   1.29381e+16
48907.9   1.27346e+16
50049.4   1.25417e+16
51217.6   1.23595e+16
52413   1.2186e+16
53636.3   1.2026e+16
54888.2   1.18754e+16
56169.3   1.17336e+16
57480.3   1.16047e+16
58821.9   1.14839e+16
60194.8   1.13736e+16
61599.8   1.12714e+16
63037.5   1.11752e+16
64508.8   1.10911e+16
66014.5   1.101e+16
67555.3   1.09322e+16
69132   1.08558e+16
70745.6   1.07757e+16
72396.8   1.06869e+16
74086.6   1.05828e+16
75815.8   1.04522e+16
77585.3   1.02806e+16
79396.2   1.00493e+16
81249.3   9.73013e+15
83145.7   9.28152e+15
85086.3   8.64918e+15
87072.2   7.75571e+15
89104.5   6.50591e+15
91184.3   4.8126e+15
93312.5   2.71825e+15
95490.4   7.45786e+14
97719.2   9.25629e+12
100000   0
