1   5.2532e+23
1.02334   5.06788e+23
1.04723   4.88493e+23
1.07167   4.70423e+23
1.09668   4.52571e+23
1.12228   4.3493e+23
1.14847   4.17495e+23
1.17528   4.00265e+23
1.20271   3.8324e+23
1.23078   3.66423e+23
1.25951   3.4982e+23
1.2889   3.3344e+23
1.31899   3.17293e+23
1.34977   3.01393e+23
1.38128   2.85756e+23
1.41352   2.70401e+23
1.44651   2.55347e+23
1.48027   2.40615e+23
1.51482   2.26229e+23
1.55018   2.12212e+23
1.58636   1.98588e+23
1.62338   1.85379e+23
1.66127   1.72608e+23
1.70005   1.60295e+23
1.73973   1.48461e+23
1.78033   1.37121e+23
1.82189   1.26289e+23
1.86441   1.15976e+23
1.90792   1.06191e+23
1.95246   9.69371e+22
1.99803   8.82152e+22
2.04466   8.00228e+22
2.09238   7.23539e+22
2.14122   6.51992e+22
2.1912   5.85467e+22
2.24234   5.23816e+22
2.29468   4.66871e+22
2.34823   4.1444e+22
2.40304   3.6632e+22
2.45913   1.63835e+22
2.51653   1.15216e+22
2.57526   7.85092e+21
2.63537   5.22832e+21
2.69688   3.43111e+21
2.75983   2.23433e+21
2.82424   1.45141e+21
2.89016   9.44038e+20
2.95762   6.16393e+20
3.02665   4.0469e+20
3.09729   2.67455e+20
3.16958   1.78043e+20
3.24356   1.1943e+20
3.31927   8.07416e+19
3.39674   5.50183e+19
3.47602   3.77868e+19
3.55715   2.61558e+19
3.64017   1.82453e+19
3.72514   1.28244e+19
3.81208   9.08173e+18
3.90106   6.47866e+18
3.99211   4.65503e+18
4.08529   3.36836e+18
4.18064   2.45419e+18
4.27821   1.80022e+18
4.37807   1.32927e+18
4.48025   9.87872e+17
4.58482   7.38811e+17
4.69183   5.55966e+17
4.80134   4.20909e+17
4.91341   3.20548e+17
5.02809   2.45533e+17
5.14544   1.89139e+17
5.26554   1.46505e+17
5.38844   1.14097e+17
5.51421   8.93294e+16
5.64291   7.03011e+16
5.77462   5.56068e+16
5.9094   4.42024e+16
6.04732   3.53077e+16
6.18847   2.83369e+16
6.33291   2.28482e+16
6.48072   1.85064e+16
6.63198   1.50566e+16
6.78677   1.23033e+16
6.94518   1.00964e+16
7.10728   8.32002e+15
7.27317   6.88426e+15
7.44292   5.71911e+15
7.61664   4.76982e+15
7.79442   3.9934e+15
7.97634   3.35597e+15
8.16251   2.83071e+15
8.35302   2.3963e+15
8.54798   2.03575e+15
8.7475   1.73546e+15
8.95166   1.48452e+15
9.1606   1.2741e+15
9.37441   1.0971e+15
9.59321   9.47722e+14
9.81712   8.21268e+14
10.0463   7.13891e+14
10.2807   6.22437e+14
10.5207   5.44318e+14
10.7662   4.77398e+14
11.0175   4.19908e+14
11.2747   3.70384e+14
11.5378   3.27607e+14
11.8071   2.9056e+14
12.0827   2.58392e+14
12.3647   2.3039e+14
12.6533   2.05954e+14
12.9486   1.84578e+14
13.2509   1.65834e+14
13.5602   1.49359e+14
13.8766   1.34847e+14
14.2005   1.22034e+14
14.532   1.10697e+14
14.8712   1.00644e+14
15.2183   9.17115e+13
15.5734   8.37581e+13
15.9369   7.66624e+13
16.3089   7.03193e+13
16.6896   6.46383e+13
17.0791   5.95407e+13
17.4777   5.49583e+13
17.8857   5.08315e+13
18.3031   4.71088e+13
18.7303   4.37446e+13
19.1675   4.06996e+13
19.6149   3.7939e+13
20.0727   3.54322e+13
20.5412   3.31525e+13
21.0206   3.10762e+13
21.5112   2.91825e+13
22.0133   2.74528e+13
22.5271   2.58708e+13
23.0529   2.44221e+13
23.591   2.30937e+13
24.1416   2.18742e+13
24.705   2.07534e+13
25.2817   1.9722e+13
25.8717   1.87721e+13
26.4756   1.78962e+13
27.0935   1.70879e+13
27.7259   1.63412e+13
28.373   1.5651e+13
29.0353   1.50124e+13
29.713   1.44213e+13
30.4065   1.38736e+13
31.1162   1.33661e+13
31.8424   1.28954e+13
32.5856   1.24588e+13
33.3462   1.20537e+13
34.1245   1.16776e+13
34.921   1.13285e+13
35.736   1.10044e+13
36.5701   1.07034e+13
37.4237   1.04238e+13
38.2971   1.01642e+13
39.191   9.9229e+12
40.1057   9.69865e+12
41.0418   9.49008e+12
41.9997   9.29589e+12
42.98   9.11484e+12
43.9832   8.94571e+12
45.0098   8.78734e+12
46.0603   8.63864e+12
47.1353   8.49863e+12
48.2355   8.3665e+12
49.3613   8.24163e+12
50.5134   8.12356e+12
51.6924   8.01195e+12
52.8989   7.90647e+12
54.1336   3.20285e+08
55.3971   3.06904e+08
56.6901   2.94242e+08
58.0132   2.82251e+08
59.3673   2.7089e+08
60.7529   2.60119e+08
62.1709   2.49901e+08
63.622   2.40202e+08
65.1069   2.3099e+08
66.6265   2.22236e+08
68.1816   2.13913e+08
69.773   2.05994e+08
71.4015   1.98457e+08
73.068   1.91278e+08
74.7735   1.84438e+08
76.5187   1.77917e+08
78.3047   1.71697e+08
80.1323   1.65762e+08
82.0026   1.60095e+08
83.9166   1.54681e+08
85.8752   1.49508e+08
87.8795   1.44561e+08
89.9307   1.3983e+08
92.0297   1.35303e+08
94.1777   1.30968e+08
96.3758   1.26816e+08
98.6252   1.22838e+08
100.927   1.19025e+08
103.283   1.15368e+08
105.693   1.11859e+08
108.16   1.08492e+08
110.685   1.05259e+08
113.268   1.02153e+08
115.912   9.91697e+07
118.617   9.63017e+07
121.386   9.35439e+07
124.219   9.08911e+07
127.118   8.83383e+07
130.085   8.5881e+07
133.122   8.35148e+07
136.229   8.12354e+07
139.408   7.9039e+07
142.662   7.69218e+07
145.992   7.48802e+07
149.399   7.29109e+07
152.886   7.10107e+07
156.455   6.91768e+07
160.106   6.7406e+07
163.843   6.56956e+07
167.668   6.40431e+07
171.581   6.2446e+07
175.586   6.0902e+07
179.684   5.94088e+07
183.878   5.79643e+07
188.169   5.65664e+07
192.561   5.52134e+07
197.056   5.39032e+07
201.655   5.26343e+07
206.362   5.14048e+07
211.178   5.02133e+07
216.107   4.90581e+07
221.151   4.79379e+07
226.313   4.68512e+07
231.595   4.57969e+07
237.001   4.47735e+07
242.532   4.378e+07
248.193   4.28151e+07
253.986   4.18777e+07
259.914   4.09668e+07
265.98   4.00814e+07
272.188   3.92206e+07
278.541   3.83835e+07
285.043   3.75691e+07
291.696   3.67766e+07
298.504   3.60053e+07
305.471   3.52544e+07
312.601   3.45232e+07
319.897   3.3811e+07
327.363   3.3117e+07
335.004   3.24408e+07
342.823   3.17816e+07
350.825   3.11388e+07
359.013   3.0512e+07
367.392   2.99006e+07
375.967   2.9304e+07
384.743   2.87219e+07
393.723   2.81537e+07
402.912   2.76022e+07
412.316   2.70606e+07
421.94   2.65315e+07
431.788   2.60148e+07
441.866   2.55099e+07
452.179   2.50166e+07
462.733   2.45344e+07
473.533   2.40632e+07
484.586   2.36024e+07
495.896   2.31518e+07
507.471   2.27111e+07
519.315   2.22801e+07
531.436   2.18585e+07
543.84   2.1446e+07
556.533   2.10423e+07
569.523   2.06473e+07
582.815   2.02607e+07
596.418   1.98822e+07
610.339   1.95118e+07
624.584   1.9149e+07
639.162   1.87939e+07
654.081   1.84462e+07
669.347   1.81056e+07
684.97   1.77721e+07
700.957   1.74454e+07
717.317   1.71254e+07
734.06   1.68118e+07
751.193   1.65047e+07
768.726   1.62038e+07
786.668   1.59089e+07
805.029   1.562e+07
823.819   1.53369e+07
843.047   1.50594e+07
862.724   1.47875e+07
882.86   1.4521e+07
903.466   1.42598e+07
924.553   1.40038e+07
946.132   1.37529e+07
968.215   1.35069e+07
990.814   1.32658e+07
1013.94   1.30295e+07
1037.61   1.27978e+07
1061.82   1.25706e+07
1086.61   1.2348e+07
1111.97   1.21296e+07
1137.92   1.19156e+07
1164.48   1.17057e+07
1191.66   1.15e+07
1219.47   1.12983e+07
1247.94   1.11005e+07
1277.06   1.09065e+07
1306.87   1.07164e+07
1337.37   1.05299e+07
1368.59   1.03472e+07
1400.53   1.01679e+07
1433.22   9.99211e+06
1466.67   9.81975e+06
1500.9   9.65072e+06
1535.93   9.48497e+06
1571.78   9.32243e+06
1608.47   9.16303e+06
1646.01   9.00675e+06
1684.43   8.85347e+06
1723.74   8.70317e+06
1763.98   8.55577e+06
1805.15   8.41121e+06
1847.28   8.26944e+06
1890.4   8.13041e+06
1934.52   7.99405e+06
1979.67   7.86032e+06
2025.88   7.72919e+06
2073.16   7.60055e+06
2121.55   7.47446e+06
2171.07   7.35074e+06
2221.74   7.2294e+06
2273.6   7.11039e+06
2326.66   6.99366e+06
2380.97   6.87917e+06
2436.54   6.76687e+06
2493.41   6.65672e+06
2551.61   6.54868e+06
2611.16   6.4427e+06
2672.11   6.33878e+06
2734.47   6.23681e+06
2798.3   6.1368e+06
2863.61   6.03869e+06
2930.45   5.94245e+06
2998.84   5.84803e+06
3068.84   5.75542e+06
3140.47   5.66457e+06
3213.76   5.57544e+06
3288.77   5.488e+06
3365.53   5.40222e+06
3444.09   5.31807e+06
3524.47   5.23551e+06
3606.73   5.15451e+06
3690.92   5.07504e+06
3777.06   4.99707e+06
3865.22   4.92055e+06
3955.44   4.84556e+06
4047.76   4.77192e+06
4142.23   4.69966e+06
4238.91   4.62877e+06
4337.85   4.5592e+06
4439.1   4.49095e+06
4542.71   4.42398e+06
4648.73   4.35827e+06
4757.24   4.29378e+06
4868.27   4.2305e+06
4981.9   4.1684e+06
5098.18   4.10747e+06
5217.17   4.04767e+06
5338.94   3.98901e+06
5463.55   3.93144e+06
5591.07   3.87494e+06
5721.57   3.8195e+06
5855.11   3.76509e+06
5991.77   3.7117e+06
6131.62   3.6593e+06
6274.73   3.6079e+06
6421.19   3.55745e+06
6571.06   3.50794e+06
6724.43   3.45939e+06
6881.38   3.41173e+06
7041.99   3.36496e+06
7206.35   3.31907e+06
7374.55   3.27404e+06
7546.67   3.22986e+06
7722.81   3.18652e+06
7903.07   3.14399e+06
8087.52   3.10227e+06
8276.29   3.06134e+06
8469.46   3.02119e+06
8667.14   2.9818e+06
8869.43   2.94318e+06
9076.45   2.90528e+06
9288.29   2.86813e+06
9505.08   2.8317e+06
9726.93   2.79597e+06
9953.96   2.76093e+06
10186.3   2.72658e+06
10424   2.69291e+06
10667.3   2.65991e+06
10916.3   2.62756e+06
11171.1   2.59586e+06
11431.8   2.56481e+06
11698.7   2.53438e+06
11971.7   2.50458e+06
12251.1   2.47539e+06
12537.1   2.44682e+06
12829.7   2.41885e+06
13129.1   2.39147e+06
13435.6   2.36468e+06
13749.2   2.33849e+06
14070.1   2.31287e+06
14398.5   2.28782e+06
14734.5   2.26334e+06
15078.5   2.23943e+06
15430.4   2.21607e+06
15790.5   2.19327e+06
16159.1   2.17103e+06
16536.2   2.14934e+06
16922.2   2.1282e+06
17317.2   2.10761e+06
17721.4   2.08756e+06
18135   2.06806e+06
18558.3   2.04909e+06
18991.4   2.03069e+06
19434.7   2.01282e+06
19888.3   1.9955e+06
20352.5   1.97873e+06
20827.5   1.96251e+06
21313.6   1.94684e+06
21811.1   1.93173e+06
22320.2   1.91718e+06
22841.1   1.90319e+06
23374.2   1.88978e+06
23919.8   1.87694e+06
24478.1   1.86469e+06
25049.4   1.85303e+06
25634.1   1.84198e+06
26232.4   1.83154e+06
26844.6   1.82172e+06
27471.2   1.81254e+06
28112.4   1.80402e+06
28768.5   1.79616e+06
29440   1.78898e+06
30127.1   1.7825e+06
30830.3   1.77675e+06
31549.9   1.77174e+06
32286.3   1.7675e+06
33039.9   1.76406e+06
33811   1.76144e+06
34600.2   1.75967e+06
35407.7   1.75879e+06
36234.2   1.75885e+06
37079.9   1.75987e+06
37945.3   1.7619e+06
38831   1.765e+06
39737.3   1.76922e+06
40664.8   1.77462e+06
41613.9   1.78126e+06
42585.2   1.78921e+06
43579.1   1.79858e+06
44596.3   1.80941e+06
45637.2   1.82184e+06
46702.3   1.83595e+06
47792.4   1.85188e+06
48907.9   1.86975e+06
50049.4   1.88972e+06
51217.6   1.91196e+06
52413   1.93665e+06
53636.3   1.96401e+06
54888.2   1.99427e+06
56169.3   2.02772e+06
57480.3   2.06467e+06
58821.9   2.10547e+06
60194.8   2.15053e+06
61599.8   2.20033e+06
63037.5   2.25543e+06
64508.8   2.31646e+06
66014.5   2.3842e+06
67555.3   2.45953e+06
69132   2.54355e+06
70745.6   2.63755e+06
72396.8   2.74309e+06
74086.6   2.86213e+06
75815.8   2.99706e+06
77585.3   3.15086e+06
79396.2   3.32736e+06
81249.3   3.53139e+06
83145.7   3.76915e+06
85086.3   4.04853e+06
87072.2   4.37909e+06
89104.5   4.77044e+06
91184.3   5.22299e+06
93312.5   5.67982e+06
95490.4   5.7048e+06
97719.2   1.48789e-05
100000   6.04186e+08
