1   1.02352e+17
1.02334   9.85557e+16
1.04723   9.49532e+16
1.07167   9.15487e+16
1.09668   8.82801e+16
1.12228   8.51735e+16
1.14847   8.22424e+16
1.17528   7.94041e+16
1.20271   7.6709e+16
1.23078   7.41366e+16
1.25951   7.16937e+16
1.2889   6.9342e+16
1.31899   6.70943e+16
1.34977   6.4964e+16
1.38128   6.28966e+16
1.41352   6.09221e+16
1.44651   5.90302e+16
1.48027   5.72316e+16
1.51482   5.54868e+16
1.55018   5.38146e+16
1.58636   5.2209e+16
1.62338   5.06814e+16
1.66127   4.91946e+16
1.70005   4.77673e+16
1.73973   4.63945e+16
1.78033   4.5092e+16
1.82189   4.3812e+16
1.86441   4.25851e+16
1.90792   4.14034e+16
1.95246   4.02642e+16
1.99803   3.91787e+16
2.04466   3.81159e+16
2.09238   3.70923e+16
2.14122   3.61044e+16
2.1912   3.51504e+16
2.24234   3.42417e+16
2.29468   3.3348e+16
2.34823   3.24866e+16
2.40304   3.1654e+16
2.45913   3.08489e+16
2.51653   3.007e+16
2.57526   2.93264e+16
2.63537   2.85956e+16
2.69688   2.78891e+16
2.75983   2.72053e+16
2.82424   2.65429e+16
2.89016   2.59014e+16
2.95762   2.52899e+16
3.02665   2.46856e+16
3.09729   2.41014e+16
3.16958   2.35355e+16
3.24356   2.29868e+16
3.31927   2.24549e+16
3.39674   2.1939e+16
3.47602   2.14488e+16
3.55715   2.09608e+16
3.64017   2.04897e+16
3.72514   2.00329e+16
3.81208   1.95898e+16
3.90106   1.91598e+16
3.99211   1.87425e+16
4.08529   1.83376e+16
4.18064   1.79806e+16
4.27821   1.75693e+16
4.37807   1.71982e+16
4.48025   1.68383e+16
4.58482   1.64889e+16
4.69183   1.61495e+16
4.80134   1.58198e+16
4.91341   1.54995e+16
5.02809   1.51882e+16
5.14544   1.48856e+16
5.26554   1.45915e+16
5.38844   1.43116e+16
5.51421   1.4033e+16
5.64291   1.37626e+16
5.77462   1.34996e+16
5.9094   1.32436e+16
6.04732   1.29944e+16
6.18847   1.27518e+16
6.33291   1.25154e+16
6.48072   1.22851e+16
6.63198   1.20606e+16
6.78677   1.18416e+16
6.94518   1.16281e+16
7.10728   1.142e+16
7.27317   1.12215e+16
7.44292   1.10229e+16
7.61664   1.08292e+16
7.79442   1.064e+16
7.97634   1.0455e+16
8.16251   1.02741e+16
8.35302   1.00971e+16
8.54798   9.92376e+15
8.7475   9.75404e+15
8.95166   9.58775e+15
9.1606   9.42476e+15
9.37441   9.26492e+15
9.59321   9.10812e+15
9.81712   8.95423e+15
10.0463   8.80314e+15
10.2807   8.65473e+15
10.5207   8.50897e+15
10.7662   8.366e+15
11.0175   8.22876e+15
11.2747   8.09031e+15
11.5378   7.95425e+15
11.8071   7.8203e+15
12.0827   7.68836e+15
12.3647   7.55833e+15
12.6533   7.43016e+15
12.9486   7.30376e+15
13.2509   7.17906e+15
13.5602   7.05601e+15
13.8766   6.93454e+15
14.2005   6.81459e+15
14.532   6.6961e+15
14.8712   6.57901e+15
15.2183   6.46327e+15
15.5734   6.34881e+15
15.9369   6.2356e+15
16.3089   6.12358e+15
16.6896   6.0127e+15
17.0791   5.90291e+15
17.4777   5.79416e+15
17.8857   5.6864e+15
18.3031   5.57959e+15
18.7303   5.47369e+15
19.1675   5.36864e+15
19.6149   5.26442e+15
20.0727   5.161e+15
20.5412   5.05835e+15
21.0206   4.9565e+15
21.5112   4.85554e+15
22.0133   4.75728e+15
22.5271   4.65728e+15
23.0529   4.55812e+15
23.591   4.45939e+15
24.1416   4.36103e+15
24.705   4.26302e+15
25.2817   4.16533e+15
25.8717   4.06792e+15
26.4756   3.97076e+15
27.0935   3.87382e+15
27.7259   3.77707e+15
28.373   3.68048e+15
29.0353   3.58404e+15
29.713   3.48771e+15
30.4065   3.39149e+15
31.1162   3.29537e+15
31.8424   3.19933e+15
32.5856   3.1034e+15
33.3462   3.00756e+15
34.1245   2.91185e+15
34.921   2.81629e+15
35.736   2.72091e+15
36.5701   2.62576e+15
37.4237   2.53091e+15
38.2971   2.43643e+15
39.191   2.34239e+15
40.1057   2.24889e+15
41.0418   2.15605e+15
41.9997   2.06398e+15
42.98   1.97282e+15
43.9832   1.88273e+15
45.0098   1.79386e+15
46.0603   1.7064e+15
47.1353   1.62053e+15
48.2355   1.53645e+15
49.3613   1.45437e+15
50.5134   1.37451e+15
51.6924   1.29709e+15
52.8989   1.22232e+15
54.1336   1.15044e+15
55.3971   1.08163e+15
56.6901   1.01658e+15
58.0132   9.55345e+14
59.3673   8.98193e+14
60.7529   8.454e+14
62.1709   7.97239e+14
63.622   7.53974e+14
65.1069   7.15857e+14
66.6265   6.83126e+14
68.1816   6.55995e+14
69.773   6.34643e+14
71.4015   6.19211e+14
73.068   6.09789e+14
74.7735   6.064e+14
76.5187   6.08996e+14
78.3047   6.1744e+14
80.1323   6.31496e+14
82.0026   6.50822e+14
83.9166   6.74957e+14
85.8752   7.03324e+14
87.8795   7.35226e+14
89.9307   7.69859e+14
92.0297   8.06318e+14
94.1777   8.43629e+14
96.3758   8.8077e+14
98.6252   9.16709e+14
100.927   9.5045e+14
103.283   9.81071e+14
105.693   1.00778e+15
108.16   1.02993e+15
110.685   1.04711e+15
113.268   1.0591e+15
115.912   1.06593e+15
118.617   1.06783e+15
121.386   1.06523e+15
124.219   1.05872e+15
127.118   1.04897e+15
130.085   1.03668e+15
133.122   1.02252e+15
136.229   1.00708e+15
139.408   9.90855e+14
142.662   9.74349e+14
145.992   9.57382e+14
149.399   9.40484e+14
152.886   9.23621e+14
156.455   9.06794e+14
160.106   8.90241e+14
163.843   8.73906e+14
167.668   8.57767e+14
171.581   8.41946e+14
175.586   8.26371e+14
179.684   8.11049e+14
183.878   7.95997e+14
188.169   7.81193e+14
192.561   7.66599e+14
197.056   7.52437e+14
201.655   7.3849e+14
206.362   7.24773e+14
211.178   7.11242e+14
216.107   6.97935e+14
221.151   6.84792e+14
226.313   6.71829e+14
231.595   6.59085e+14
237.001   6.46501e+14
242.532   6.34094e+14
248.193   6.21842e+14
253.986   6.09773e+14
259.914   5.9785e+14
265.98   5.86105e+14
272.188   5.74516e+14
278.541   5.63088e+14
285.043   5.51812e+14
291.696   5.40708e+14
298.504   5.29747e+14
305.471   5.18896e+14
312.601   5.08304e+14
319.897   4.97788e+14
327.363   4.8748e+14
335.004   4.77276e+14
342.823   4.67247e+14
350.825   4.57368e+14
359.013   4.47638e+14
367.392   4.38053e+14
375.967   4.28607e+14
384.743   4.19357e+14
393.723   4.10226e+14
402.912   4.01243e+14
412.316   3.92402e+14
421.94   3.83702e+14
431.788   3.75171e+14
441.866   3.66796e+14
452.179   3.58533e+14
462.733   3.50448e+14
473.533   3.42472e+14
484.586   3.34666e+14
495.896   3.2698e+14
507.471   3.19458e+14
519.315   3.12061e+14
531.436   3.04805e+14
543.84   2.97669e+14
556.533   2.90711e+14
569.523   2.8386e+14
582.815   2.77164e+14
596.418   2.70575e+14
610.339   2.64143e+14
624.584   2.57817e+14
639.162   2.51577e+14
654.081   2.45609e+14
669.347   2.39675e+14
684.97   2.33862e+14
700.957   2.28166e+14
717.317   2.2261e+14
734.06   2.17194e+14
751.193   2.11856e+14
768.726   2.06634e+14
786.668   2.01567e+14
805.029   1.96568e+14
823.819   1.91754e+14
843.047   1.86979e+14
862.724   1.82352e+14
882.86   1.77807e+14
903.466   1.73367e+14
924.553   1.69039e+14
946.132   1.6477e+14
968.215   1.60661e+14
990.814   1.56642e+14
1013.94   1.527e+14
1037.61   1.48856e+14
1061.82   1.45105e+14
1086.61   1.41444e+14
1111.97   1.37852e+14
1137.92   1.34362e+14
1164.48   1.30963e+14
1191.66   1.27651e+14
1219.47   1.24406e+14
1247.94   1.21247e+14
1277.06   1.18163e+14
1306.87   1.15163e+14
1337.37   1.1222e+14
1368.59   1.09354e+14
1400.53   1.06591e+14
1433.22   1.03852e+14
1466.67   1.01232e+14
1500.9   9.86458e+13
1535.93   9.6123e+13
1571.78   9.36897e+13
1608.47   9.13019e+13
1646.01   8.89612e+13
1684.43   8.67075e+13
1723.74   8.44982e+13
1763.98   8.23451e+13
1805.15   8.02489e+13
1847.28   7.82075e+13
1890.4   7.6208e+13
1934.52   7.42668e+13
1979.67   7.23825e+13
2025.88   7.05523e+13
2073.16   6.87622e+13
2121.55   6.70141e+13
2171.07   6.53126e+13
2221.74   6.36559e+13
2273.6   6.20413e+13
2326.66   6.04715e+13
2380.97   5.89419e+13
2436.54   5.74487e+13
2493.41   5.59871e+13
2551.61   5.45797e+13
2611.16   5.31935e+13
2672.11   5.18548e+13
2734.47   5.05454e+13
2798.3   4.92705e+13
2863.61   4.80278e+13
2930.45   4.68156e+13
2998.84   4.56324e+13
3068.84   4.44847e+13
3140.47   4.33642e+13
3213.76   4.22713e+13
3288.77   4.12059e+13
3365.53   4.01664e+13
3444.09   3.91595e+13
3524.47   3.81721e+13
3606.73   3.72196e+13
3690.92   3.62905e+13
3777.06   3.53889e+13
3865.22   3.45096e+13
3955.44   3.36748e+13
4047.76   3.28661e+13
4142.23   3.20891e+13
4238.91   3.13321e+13
4337.85   3.05962e+13
4439.1   2.98794e+13
4542.71   2.91817e+13
4648.73   2.85005e+13
4757.24   2.78389e+13
4868.27   2.71943e+13
4981.9   2.65662e+13
5098.18   2.59538e+13
5217.17   2.53554e+13
5338.94   2.47745e+13
5463.55   2.421e+13
5591.07   2.36594e+13
5721.57   2.31231e+13
5855.11   2.25987e+13
5991.77   2.20873e+13
6131.62   2.15915e+13
6274.73   2.11069e+13
6421.19   2.06353e+13
6571.06   2.01753e+13
6724.43   1.97271e+13
6881.38   1.92901e+13
7041.99   1.88638e+13
7206.35   1.84483e+13
7374.55   1.80445e+13
7546.67   1.765e+13
7722.81   1.72654e+13
7903.07   1.68904e+13
8087.52   1.65253e+13
8276.29   1.6169e+13
8469.46   1.58214e+13
8667.14   1.54827e+13
8869.43   1.51527e+13
9076.45   1.48306e+13
9288.29   1.45164e+13
9505.08   1.42098e+13
9726.93   1.39113e+13
9953.96   1.36199e+13
10186.3   1.33354e+13
10424   1.30581e+13
10667.3   1.2788e+13
10916.3   1.25239e+13
11171.1   1.22669e+13
11431.8   1.20158e+13
11698.7   1.17702e+13
11971.7   1.15318e+13
12251.1   1.12987e+13
12537.1   1.10711e+13
12829.7   1.0849e+13
13129.1   1.06324e+13
13435.6   1.04206e+13
13749.2   1.02145e+13
14070.1   1.0013e+13
14398.5   9.8159e+12
14734.5   9.62407e+12
15078.5   9.43722e+12
15430.4   9.2543e+12
15790.5   9.07576e+12
16159.1   8.90131e+12
16536.2   8.7315e+12
16922.2   8.56542e+12
17317.2   8.40334e+12
17721.4   8.24504e+12
18135   8.09055e+12
18558.3   7.93957e+12
18991.4   7.79243e+12
19434.7   7.64873e+12
19888.3   7.50839e+12
20352.5   7.37137e+12
20827.5   7.23771e+12
21313.6   7.10721e+12
21811.1   6.97984e+12
22320.2   6.85538e+12
22841.1   6.73429e+12
23374.2   6.61598e+12
23919.8   6.50055e+12
24478.1   6.388e+12
25049.4   6.27824e+12
25634.1   6.17111e+12
26232.4   6.06696e+12
26844.6   5.96534e+12
27471.2   5.86635e+12
28112.4   5.76991e+12
28768.5   5.67619e+12
29440   5.58491e+12
30127.1   5.49622e+12
30830.3   5.40978e+12
31549.9   5.32623e+12
32286.3   5.24485e+12
33039.9   5.16592e+12
33811   5.08974e+12
34600.2   5.01584e+12
35407.7   4.9443e+12
36234.2   4.87542e+12
37079.9   4.80891e+12
37945.3   4.74495e+12
38831   4.68354e+12
39737.3   4.62468e+12
40664.8   4.56835e+12
41613.9   4.51484e+12
42585.2   4.46398e+12
43579.1   4.41584e+12
44596.3   4.37071e+12
45637.2   4.32847e+12
46702.3   4.28932e+12
47792.4   4.25335e+12
48907.9   4.22073e+12
50049.4   4.19164e+12
51217.6   4.1662e+12
52413   4.14473e+12
53636.3   4.1274e+12
54888.2   4.11452e+12
56169.3   4.1065e+12
57480.3   4.10364e+12
58821.9   4.10648e+12
60194.8   4.11553e+12
61599.8   4.13145e+12
63037.5   4.15504e+12
64508.8   4.18722e+12
66014.5   4.22908e+12
67555.3   4.28217e+12
69132   4.34808e+12
70745.6   4.42901e+12
72396.8   4.52754e+12
74086.6   4.64781e+12
75815.8   4.79394e+12
77585.3   4.97246e+12
79396.2   5.19208e+12
81249.3   5.46515e+12
83145.7   5.81005e+12
85086.3   6.25459e+12
87072.2   6.84391e+12
89104.5   7.65682e+12
91184.3   8.83965e+12
93312.5   1.06999e+13
95490.4   1.39763e+13
97719.2   2.04554e+13
100000   0
