1   8.53329e+15
1.02334   8.22492e+15
1.04723   7.93212e+15
1.07167   7.65525e+15
1.09668   7.38918e+15
1.12228   7.13615e+15
1.14847   6.89734e+15
1.17528   6.66586e+15
1.20271   6.44597e+15
1.23078   6.236e+15
1.25951   6.03656e+15
1.2889   5.84445e+15
1.31899   5.6608e+15
1.34977   5.48676e+15
1.38128   5.31775e+15
1.41352   5.15636e+15
1.44651   5.00173e+15
1.48027   4.85478e+15
1.51482   4.71219e+15
1.55018   4.57558e+15
1.58636   4.44446e+15
1.62338   4.31981e+15
1.66127   4.19848e+15
1.70005   4.08209e+15
1.73973   3.97022e+15
1.78033   3.86422e+15
1.82189   3.76e+15
1.86441   3.66021e+15
1.90792   3.56417e+15
1.95246   3.47169e+15
1.99803   3.38368e+15
2.04466   3.2975e+15
2.09238   3.21458e+15
2.14122   3.13461e+15
2.1912   3.05747e+15
2.24234   2.98409e+15
2.29468   2.91187e+15
2.34823   2.84231e+15
2.40304   2.77511e+15
2.45913   2.71015e+15
2.51653   2.64735e+15
2.57526   2.58742e+15
2.63537   2.52845e+15
2.69688   2.47143e+15
2.75983   2.4162e+15
2.82424   2.36268e+15
2.89016   2.31084e+15
2.95762   2.26139e+15
3.02665   2.21236e+15
3.09729   2.16491e+15
3.16958   2.11884e+15
3.24356   2.07409e+15
3.31927   2.03059e+15
3.39674   1.98835e+15
3.47602   1.94808e+15
3.55715   1.90778e+15
3.64017   1.86874e+15
3.72514   1.83074e+15
3.81208   1.79372e+15
3.90106   1.75764e+15
3.99211   1.72249e+15
4.08529   1.68841e+15
4.18064   1.65789e+15
4.27821   1.62248e+15
4.37807   1.59045e+15
4.48025   1.5592e+15
4.58482   1.52865e+15
4.69183   1.49878e+15
4.80134   1.46956e+15
4.91341   1.44096e+15
5.02809   1.41296e+15
5.14544   1.38555e+15
5.26554   1.35874e+15
5.38844   1.33295e+15
5.51421   1.3071e+15
5.64291   1.28179e+15
5.77462   1.25698e+15
5.9094   1.23263e+15
6.04732   1.20872e+15
6.18847   1.18524e+15
6.33291   1.16218e+15
6.48072   1.13951e+15
6.63198   1.11724e+15
6.78677   1.09534e+15
6.94518   1.07381e+15
7.10728   1.05268e+15
7.27317   1.03225e+15
7.44292   1.0117e+15
7.61664   9.91482e+14
7.79442   9.71567e+14
7.97634   9.51935e+14
8.16251   9.32573e+14
8.35302   9.13471e+14
8.54798   8.94615e+14
8.7475   8.75995e+14
8.95166   8.57601e+14
9.1606   8.39422e+14
9.37441   8.21448e+14
9.59321   8.03669e+14
9.81712   7.86076e+14
10.0463   7.6866e+14
10.2807   7.51417e+14
10.5207   7.34343e+14
10.7662   7.17441e+14
11.0175   7.00948e+14
11.2747   6.84268e+14
11.5378   6.67718e+14
11.8071   6.51273e+14
12.0827   6.34921e+14
12.3647   6.18655e+14
12.6533   6.02465e+14
12.9486   5.86345e+14
13.2509   5.70289e+14
13.5602   5.54289e+14
13.8766   5.38343e+14
14.2005   5.22445e+14
14.532   5.06594e+14
14.8712   4.90788e+14
15.2183   4.75028e+14
15.5734   4.59317e+14
15.9369   4.43658e+14
16.3089   4.28059e+14
16.6896   4.1253e+14
17.0791   3.97082e+14
17.4777   3.81733e+14
17.8857   3.66501e+14
18.3031   3.51409e+14
18.7303   3.36483e+14
19.1675   3.21755e+14
19.6149   3.07259e+14
20.0727   2.93033e+14
20.5412   2.79119e+14
21.0206   2.65561e+14
21.5112   2.52404e+14
22.0133   2.39874e+14
22.5271   2.27768e+14
23.0529   2.16301e+14
23.591   2.05516e+14
24.1416   1.95484e+14
24.705   1.86281e+14
25.2817   1.77979e+14
25.8717   1.70649e+14
26.4756   1.6436e+14
27.0935   1.59172e+14
27.7259   1.55141e+14
28.373   1.52307e+14
29.0353   1.50698e+14
29.713   1.50327e+14
30.4065   1.51185e+14
31.1162   1.53238e+14
31.8424   1.56432e+14
32.5856   1.60681e+14
33.3462   1.65875e+14
34.1245   1.71873e+14
34.921   1.78509e+14
35.736   1.85595e+14
36.5701   1.92923e+14
37.4237   2.00273e+14
38.2971   2.07424e+14
39.191   2.14157e+14
40.1057   2.20269e+14
41.0418   2.25585e+14
41.9997   2.29961e+14
42.98   2.33301e+14
43.9832   2.35552e+14
45.0098   2.36715e+14
46.0603   2.36837e+14
47.1353   2.36008e+14
48.2355   2.3435e+14
49.3613   2.32005e+14
50.5134   2.29124e+14
51.6924   2.25851e+14
52.8989   2.22315e+14
54.1336   2.18622e+14
55.3971   2.14876e+14
56.6901   2.11045e+14
58.0132   2.07238e+14
59.3673   2.03452e+14
60.7529   1.99686e+14
62.1709   1.95989e+14
63.622   1.92351e+14
65.1069   1.88769e+14
66.6265   1.85264e+14
68.1816   1.8182e+14
69.773   1.78438e+14
71.4015   1.75121e+14
73.068   1.71862e+14
74.7735   1.6865e+14
76.5187   1.65549e+14
78.3047   1.62512e+14
80.1323   1.59524e+14
82.0026   1.56583e+14
83.9166   1.53686e+14
85.8752   1.50843e+14
87.8795   1.48034e+14
89.9307   1.45264e+14
92.0297   1.42532e+14
94.1777   1.39836e+14
96.3758   1.37177e+14
98.6252   1.34566e+14
100.927   1.31978e+14
103.283   1.29429e+14
105.693   1.2691e+14
108.16   1.24429e+14
110.685   1.21978e+14
113.268   1.19558e+14
115.912   1.1718e+14
118.617   1.14833e+14
121.386   1.1251e+14
124.219   1.10225e+14
127.118   1.07966e+14
130.085   1.0575e+14
133.122   1.03556e+14
136.229   1.01401e+14
139.408   9.92693e+13
142.662   9.71787e+13
145.992   9.51115e+13
149.399   9.3073e+13
152.886   9.10691e+13
156.455   8.90993e+13
160.106   8.71582e+13
163.843   8.5247e+13
167.668   8.33648e+13
171.581   8.1516e+13
175.586   7.96959e+13
179.684   7.79044e+13
183.878   7.61416e+13
188.169   7.44155e+13
192.561   7.27126e+13
197.056   7.10446e+13
201.655   6.94052e+13
206.362   6.77912e+13
211.178   6.62103e+13
216.107   6.46475e+13
221.151   6.31276e+13
226.313   6.16293e+13
231.595   6.01581e+13
237.001   5.87206e+13
242.532   5.73062e+13
248.193   5.59238e+13
253.986   5.45697e+13
259.914   5.32328e+13
265.98   5.19361e+13
272.188   5.06574e+13
278.541   4.94051e+13
285.043   4.81815e+13
291.696   4.69771e+13
298.504   4.58052e+13
305.471   4.4656e+13
312.601   4.35266e+13
319.897   4.24308e+13
327.363   4.13511e+13
335.004   4.03034e+13
342.823   3.92656e+13
350.825   3.82621e+13
359.013   3.72774e+13
367.392   3.63149e+13
375.967   3.53751e+13
384.743   3.44505e+13
393.723   3.35572e+13
402.912   3.2679e+13
412.316   3.18229e+13
421.94   3.09844e+13
431.788   3.01676e+13
441.866   2.93688e+13
452.179   2.85886e+13
462.733   2.78331e+13
473.533   2.70859e+13
484.586   2.63603e+13
495.896   2.56526e+13
507.471   2.4962e+13
519.315   2.42863e+13
531.436   2.36269e+13
543.84   2.29889e+13
556.533   2.23599e+13
569.523   2.17524e+13
582.815   2.11563e+13
596.418   2.05752e+13
610.339   2.00076e+13
624.584   1.94558e+13
639.162   1.89165e+13
654.081   1.83903e+13
669.347   1.78776e+13
684.97   1.73776e+13
700.957   1.68882e+13
717.317   1.64131e+13
734.06   1.59488e+13
751.193   1.54946e+13
768.726   1.50522e+13
786.668   1.46204e+13
805.029   1.41992e+13
823.819   1.37884e+13
843.047   1.33868e+13
862.724   1.29951e+13
882.86   1.26122e+13
903.466   1.22376e+13
924.553   1.18724e+13
946.132   1.15146e+13
968.215   1.11656e+13
990.814   1.08239e+13
1013.94   1.04883e+13
1037.61   1.01618e+13
1061.82   9.8415e+12
1086.61   9.5259e+12
1111.97   9.21948e+12
1137.92   8.91821e+12
1164.48   8.62129e+12
1191.66   8.33231e+12
1219.47   8.04813e+12
1247.94   7.76958e+12
1277.06   7.49665e+12
1306.87   7.22964e+12
1337.37   6.96986e+12
1368.59   6.7167e+12
1400.53   6.47259e+12
1433.22   6.23808e+12
1466.67   6.0181e+12
1500.9   5.81438e+12
1535.93   5.63213e+12
1571.78   5.47449e+12
1608.47   5.33975e+12
1646.01   5.21392e+12
1684.43   5.09154e+12
1723.74   4.97193e+12
1763.98   4.85635e+12
1805.15   4.74335e+12
1847.28   4.63319e+12
1890.4   4.52598e+12
1934.52   4.42153e+12
1979.67   4.31953e+12
2025.88   4.22063e+12
2073.16   4.12405e+12
2121.55   4.02998e+12
2171.07   3.93827e+12
2221.74   3.84897e+12
2273.6   3.76192e+12
2326.66   3.67707e+12
2380.97   3.5944e+12
2436.54   3.51398e+12
2493.41   3.43553e+12
2551.61   3.35905e+12
2611.16   3.28431e+12
2672.11   3.21185e+12
2734.47   3.14062e+12
2798.3   3.07193e+12
2863.61   3.00463e+12
2930.45   2.93912e+12
2998.84   2.87512e+12
3068.84   2.81282e+12
3140.47   2.75202e+12
3213.76   2.6928e+12
3288.77   2.63501e+12
3365.53   2.57863e+12
3444.09   2.5236e+12
3524.47   2.47007e+12
3606.73   2.41779e+12
3690.92   2.36679e+12
3777.06   2.31707e+12
3865.22   2.26854e+12
3955.44   2.22098e+12
4047.76   2.17504e+12
4142.23   2.12998e+12
4238.91   2.08602e+12
4337.85   2.04312e+12
4439.1   2.00127e+12
4542.71   1.96043e+12
4648.73   1.92054e+12
4757.24   1.88167e+12
4868.27   1.84363e+12
4981.9   1.80654e+12
5098.18   1.77033e+12
5217.17   1.73499e+12
5338.94   1.70045e+12
5463.55   1.66665e+12
5591.07   1.63385e+12
5721.57   1.60169e+12
5855.11   1.57028e+12
5991.77   1.53963e+12
6131.62   1.50964e+12
6274.73   1.48036e+12
6421.19   1.45175e+12
6571.06   1.42373e+12
6724.43   1.39645e+12
6881.38   1.36976e+12
7041.99   1.34366e+12
7206.35   1.31814e+12
7374.55   1.29319e+12
7546.67   1.26879e+12
7722.81   1.24495e+12
7903.07   1.22154e+12
8087.52   1.19881e+12
8276.29   1.17642e+12
8469.46   1.15467e+12
8667.14   1.13331e+12
8869.43   1.11243e+12
9076.45   1.092e+12
9288.29   1.072e+12
9505.08   1.05241e+12
9726.93   1.03328e+12
9953.96   1.01454e+12
10186.3   9.96162e+11
10424   9.78187e+11
10667.3   9.60656e+11
10916.3   9.43448e+11
11171.1   9.266e+11
11431.8   9.10104e+11
11698.7   8.93954e+11
11971.7   8.78142e+11
12251.1   8.62653e+11
12537.1   8.47489e+11
12829.7   8.32638e+11
13129.1   8.18095e+11
13435.6   8.03848e+11
13749.2   7.89898e+11
14070.1   7.76232e+11
14398.5   7.62849e+11
14734.5   7.49752e+11
15078.5   7.36921e+11
15430.4   7.24355e+11
15790.5   7.12032e+11
16159.1   6.99997e+11
16536.2   6.88192e+11
16922.2   6.76643e+11
17317.2   6.65313e+11
17721.4   6.54256e+11
18135   6.43416e+11
18558.3   6.32804e+11
18991.4   6.22419e+11
19434.7   6.12258e+11
19888.3   6.02312e+11
20352.5   5.92588e+11
20827.5   5.83065e+11
21313.6   5.73772e+11
21811.1   5.64654e+11
22320.2   5.55787e+11
22841.1   5.47099e+11
23374.2   5.38609e+11
23919.8   5.30327e+11
24478.1   5.22238e+11
25049.4   5.14345e+11
25634.1   5.06645e+11
26232.4   4.9914e+11
26844.6   4.91805e+11
27471.2   4.84705e+11
28112.4   4.77775e+11
28768.5   4.71037e+11
29440   4.64485e+11
30127.1   4.58132e+11
30830.3   4.51946e+11
31549.9   4.4599e+11
32286.3   4.40213e+11
33039.9   4.34634e+11
33811   4.29249e+11
34600.2   4.24064e+11
35407.7   4.19076e+11
36234.2   4.14301e+11
37079.9   4.09739e+11
37945.3   4.05389e+11
38831   4.01257e+11
39737.3   3.97348e+11
40664.8   3.93673e+11
41613.9   3.90237e+11
42585.2   3.87048e+11
43579.1   3.84117e+11
44596.3   3.81454e+11
45637.2   3.79072e+11
46702.3   3.76986e+11
47792.4   3.75209e+11
48907.9   3.73759e+11
50049.4   3.72661e+11
51217.6   3.71929e+11
52413   3.71604e+11
53636.3   3.71706e+11
54888.2   3.72273e+11
56169.3   3.73345e+11
57480.3   3.74971e+11
58821.9   3.77206e+11
60194.8   3.80116e+11
61599.8   3.83778e+11
63037.5   3.88284e+11
64508.8   3.93744e+11
66014.5   4.00294e+11
67555.3   4.08098e+11
69132   4.17361e+11
70745.6   4.28334e+11
72396.8   4.41345e+11
74086.6   4.56814e+11
75815.8   4.75294e+11
77585.3   4.97534e+11
79396.2   5.24565e+11
81249.3   5.57858e+11
83145.7   5.99589e+11
85086.3   6.53128e+11
87072.2   7.24001e+11
89104.5   8.21958e+11
91184.3   9.66194e+11
93312.5   1.20011e+12
95490.4   1.64859e+12
97719.2   2.86002e+12
100000   0
