1   2.02144e+28
1.02334   1.97451e+28
1.04723   1.92896e+28
1.07167   1.88477e+28
1.09668   1.84187e+28
1.12228   1.80025e+28
1.14847   1.75986e+28
1.17528   1.72066e+28
1.20271   1.68261e+28
1.23078   1.64569e+28
1.25951   1.60986e+28
1.2889   1.57508e+28
1.31899   1.54133e+28
1.34977   1.50858e+28
1.38128   1.47678e+28
1.41352   1.44592e+28
1.44651   1.41597e+28
1.48027   1.3869e+28
1.51482   1.35867e+28
1.55018   1.33127e+28
1.58636   1.30468e+28
1.62338   1.27885e+28
1.66127   1.25378e+28
1.70005   1.22944e+28
1.73973   1.2058e+28
1.78033   1.18285e+28
1.82189   1.16056e+28
1.86441   1.13892e+28
1.90792   1.1179e+28
1.95246   1.09748e+28
1.99803   1.07764e+28
2.04466   1.05838e+28
2.09238   1.03966e+28
2.14122   1.02148e+28
2.1912   1.00381e+28
2.24234   9.86636e+27
2.29468   9.69951e+27
2.34823   9.53734e+27
2.40304   9.37972e+27
2.45913   9.2265e+27
2.51653   9.07754e+27
2.57526   8.93272e+27
2.63537   8.79189e+27
2.69688   8.65495e+27
2.75983   8.52176e+27
2.82424   8.3922e+27
2.89016   8.26617e+27
2.95762   8.14355e+27
3.02665   8.02423e+27
3.09729   7.90812e+27
3.16958   7.7951e+27
3.24356   7.68508e+27
3.31927   7.57796e+27
3.39674   7.47366e+27
3.47602   7.37208e+27
3.55715   7.27313e+27
3.64017   7.17674e+27
3.72514   7.08281e+27
3.81208   6.99128e+27
3.90106   6.90206e+27
3.99211   6.81508e+27
4.08529   6.73026e+27
4.18064   6.64754e+27
4.27821   6.56685e+27
4.37807   6.48812e+27
4.48025   6.41128e+27
4.58482   6.33628e+27
4.69183   6.26306e+27
4.80134   6.19155e+27
4.91341   6.1217e+27
5.02809   6.05345e+27
5.14544   5.98676e+27
5.26554   5.92157e+27
5.38844   5.85782e+27
5.51421   5.79548e+27
5.64291   5.73449e+27
5.77462   5.67481e+27
5.9094   5.61639e+27
6.04732   5.55919e+27
6.18847   5.50318e+27
6.33291   5.4483e+27
6.48072   5.39452e+27
6.63198   5.3418e+27
6.78677   5.29011e+27
6.94518   5.2394e+27
7.10728   5.18965e+27
7.27317   5.14082e+27
7.44292   5.09288e+27
7.61664   5.04579e+27
7.79442   4.99953e+27
7.97634   4.95406e+27
8.16251   4.90935e+27
8.35302   4.86538e+27
8.54798   4.82211e+27
8.7475   4.77952e+27
8.95166   4.73758e+27
9.1606   4.69626e+27
9.37441   4.65553e+27
9.59321   4.61537e+27
9.81712   4.57575e+27
10.0463   4.53664e+27
10.2807   4.49801e+27
10.5207   4.45983e+27
10.7662   4.42208e+27
11.0175   4.38472e+27
11.2747   4.34772e+27
11.5378   4.31105e+27
11.8071   4.27468e+27
12.0827   4.23857e+27
12.3647   4.20269e+27
12.6533   4.16699e+27
12.9486   4.13143e+27
13.2509   4.09598e+27
13.5602   4.06057e+27
13.8766   4.02517e+27
14.2005   3.98972e+27
14.532   3.95417e+27
14.8712   3.91845e+27
15.2183   3.8825e+27
15.5734   3.84625e+27
15.9369   3.80962e+27
16.3089   3.77255e+27
16.6896   3.73494e+27
17.0791   3.6967e+27
17.4777   3.65776e+27
17.8857   3.618e+27
18.3031   3.57732e+27
18.7303   3.53563e+27
19.1675   3.4928e+27
19.6149   3.44872e+27
20.0727   3.40329e+27
20.5412   3.35637e+27
21.0206   3.30785e+27
21.5112   3.25762e+27
22.0133   3.20556e+27
22.5271   3.15156e+27
23.0529   3.09552e+27
23.591   3.03734e+27
24.1416   2.97695e+27
24.705   2.91426e+27
25.2817   2.84925e+27
25.8717   2.78187e+27
26.4756   2.71212e+27
27.0935   2.64002e+27
27.7259   2.56562e+27
28.373   2.48899e+27
29.0353   2.41024e+27
29.713   2.32953e+27
30.4065   2.24701e+27
31.1162   2.16291e+27
31.8424   2.07745e+27
32.5856   1.99092e+27
33.3462   1.9036e+27
34.1245   1.81581e+27
34.921   1.72788e+27
35.736   1.64016e+27
36.5701   1.55299e+27
37.4237   1.46674e+27
38.2971   1.38175e+27
39.191   1.29834e+27
40.1057   1.21684e+27
41.0418   1.13753e+27
41.9997   1.06067e+27
42.98   9.86515e+26
43.9832   9.15247e+26
45.0098   8.47035e+26
46.0603   7.82007e+26
47.1353   7.20255e+26
48.2355   6.61835e+26
49.3613   6.06773e+26
50.5134   5.55058e+26
51.6924   5.06656e+26
52.8989   4.61505e+26
54.1336   4.19522e+26
55.3971   3.80605e+26
56.6901   3.44635e+26
58.0132   3.11485e+26
59.3673   2.81014e+26
60.7529   2.5308e+26
62.1709   2.27533e+26
63.622   2.04225e+26
65.1069   1.83006e+26
66.6265   1.63731e+26
68.1816   1.46256e+26
69.773   1.30445e+26
71.4015   1.16164e+26
73.068   1.03289e+26
74.7735   9.17005e+25
76.5187   8.12861e+25
78.3047   7.19413e+25
80.1323   6.35685e+25
82.0026   5.6077e+25
83.9166   4.93831e+25
85.8752   4.34097e+25
87.8795   3.80859e+25
89.9307   3.33469e+25
92.0297   2.91333e+25
94.1777   2.53914e+25
96.3758   2.2072e+25
98.6252   1.91309e+25
100.927   1.65277e+25
103.283   7.00904e+24
105.693   4.84222e+24
108.16   3.25479e+24
110.685   2.14561e+24
113.268   1.39756e+24
115.912   9.05015e+23
118.617   5.85366e+23
121.386   3.79423e+23
124.219   2.47017e+23
127.118   1.61766e+23
130.085   1.06663e+23
133.122   7.08537e+22
136.229   4.74323e+22
139.408   3.20053e+22
142.662   2.17683e+22
145.992   1.49237e+22
149.399   1.03121e+22
152.886   7.18107e+21
156.455   5.03909e+21
160.106   3.56267e+21
163.843   2.53744e+21
167.668   1.82033e+21
171.581   1.31514e+21
175.586   9.56751e+20
179.684   7.00747e+20
183.878   5.16651e+20
188.169   3.83391e+20
192.561   2.86308e+20
197.056   2.15135e+20
201.655   1.62634e+20
206.362   1.23674e+20
211.178   9.45913e+19
216.107   7.27573e+19
221.151   5.62725e+19
226.313   4.3758e+19
231.595   3.42063e+19
237.001   2.68777e+19
242.532   2.12258e+19
248.193   1.6845e+19
253.986   1.34328e+19
259.914   1.07623e+19
265.98   8.66233e+18
272.188   7.0035e+18
278.541   5.68723e+18
285.043   4.63821e+18
291.696   3.79856e+18
298.504   3.1237e+18
305.471   2.57903e+18
312.601   2.1377e+18
319.897   1.77868e+18
327.363   1.48551e+18
335.004   1.2452e+18
342.823   1.04751e+18
350.825   8.8429e+17
359.013   7.49059e+17
367.392   6.36632e+17
375.967   5.4285e+17
384.743   4.64364e+17
393.723   3.98468e+17
402.912   3.4297e+17
412.316   2.96083e+17
421.94   2.56355e+17
431.788   2.22592e+17
441.866   1.93816e+17
452.179   1.69222e+17
462.733   1.48144e+17
473.533   1.30031e+17
484.586   1.14425e+17
495.896   1.00943e+17
507.471   8.92686e+16
519.315   7.91332e+16
531.436   7.03131e+16
543.84   6.26194e+16
556.533   5.58927e+16
569.523   4.99982e+16
582.815   4.48215e+16
596.418   4.02653e+16
610.339   3.62468e+16
624.584   3.26952e+16
639.162   2.95497e+16
654.081   2.67586e+16
669.347   2.4277e+16
684.97   2.20663e+16
700.957   2.00934e+16
717.317   1.83295e+16
734.06   1.67496e+16
751.193   1.53321e+16
768.726   1.40581e+16
786.668   1.29111e+16
805.029   1.18768e+16
823.819   1.09426e+16
843.047   1.00976e+16
862.724   9.33199e+15
882.86   8.63733e+15
903.466   8.00611e+15
924.553   7.43172e+15
946.132   6.9083e+15
968.215   6.43068e+15
990.814   5.99426e+15
1013.94   5.59498e+15
1037.61   5.2292e+15
1061.82   4.8937e+15
1086.61   4.58559e+15
1111.97   4.3023e+15
1137.92   4.04153e+15
1164.48   3.80123e+15
1191.66   3.57953e+15
1219.47   3.37479e+15
1247.94   3.1855e+15
1277.06   3.01033e+15
1306.87   2.84806e+15
1337.37   2.6976e+15
1368.59   2.55796e+15
1400.53   2.42824e+15
1433.22   2.30764e+15
1466.67   2.19542e+15
1500.9   2.0909e+15
1535.93   1.99349e+15
1571.78   1.90262e+15
1608.47   1.81779e+15
1646.01   1.73854e+15
1684.43   1.66443e+15
1723.74   1.59508e+15
1763.98   1.53012e+15
1805.15   1.46921e+15
1847.28   1.41206e+15
1890.4   1.35836e+15
1934.52   1.30787e+15
1979.67   1.26032e+15
2025.88   1.21552e+15
2073.16   1.17326e+15
2121.55   1.13338e+15
2171.07   1.09571e+15
2221.74   1.06011e+15
2273.6   6.36119e+14
2326.66   6.09476e+14
2380.97   5.84268e+14
2436.54   5.60403e+14
2493.41   5.37796e+14
2551.61   5.16365e+14
2611.16   4.96039e+14
2672.11   4.76748e+14
2734.47   4.5843e+14
2798.3   4.41026e+14
2863.61   4.2448e+14
2930.45   4.08742e+14
2998.84   3.93765e+14
3068.84   3.79503e+14
3140.47   3.65916e+14
3213.76   3.52966e+14
3288.77   3.40615e+14
3365.53   3.28832e+14
3444.09   3.17583e+14
3524.47   3.0684e+14
3606.73   2.96576e+14
3690.92   2.86764e+14
3777.06   2.7738e+14
3865.22   2.68402e+14
3955.44   2.59809e+14
4047.76   2.51579e+14
4142.23   2.43696e+14
4238.91   2.3614e+14
4337.85   2.28896e+14
4439.1   2.21947e+14
4542.71   2.15279e+14
4648.73   2.08879e+14
4757.24   2.02733e+14
4868.27   1.96829e+14
4981.9   1.91155e+14
5098.18   1.857e+14
5217.17   1.80454e+14
5338.94   1.75407e+14
5463.55   1.70551e+14
5591.07   1.65876e+14
5721.57   1.61373e+14
5855.11   1.57036e+14
5991.77   1.52856e+14
6131.62   1.48827e+14
6274.73   1.44942e+14
6421.19   1.41194e+14
6571.06   1.37578e+14
6724.43   1.34087e+14
6881.38   1.30717e+14
7041.99   1.27463e+14
7206.35   1.24318e+14
7374.55   1.2128e+14
7546.67   1.18342e+14
7722.81   1.15502e+14
7903.07   1.12755e+14
8087.52   1.10097e+14
8276.29   1.07525e+14
8469.46   1.05034e+14
8667.14   1.02623e+14
8869.43   1.00287e+14
9076.45   9.80244e+13
9288.29   9.58313e+13
9505.08   9.37054e+13
9726.93   9.16439e+13
9953.96   8.96444e+13
10186.3   8.77046e+13
10424   8.58223e+13
10667.3   8.39955e+13
10916.3   8.22217e+13
11171.1   8.04991e+13
11431.8   7.88259e+13
11698.7   7.72001e+13
11971.7   7.56202e+13
12251.1   7.40846e+13
12537.1   7.25917e+13
12829.7   7.114e+13
13129.1   6.9728e+13
13435.6   6.83546e+13
13749.2   6.70182e+13
14070.1   6.57179e+13
14398.5   6.44522e+13
14734.5   6.32202e+13
15078.5   6.20208e+13
15430.4   6.08528e+13
15790.5   5.97155e+13
16159.1   5.86077e+13
16536.2   5.75287e+13
16922.2   5.64843e+13
17317.2   5.54604e+13
17721.4   5.44629e+13
18135   5.3491e+13
18558.3   5.25439e+13
18991.4   5.16212e+13
19434.7   5.0722e+13
19888.3   4.98459e+13
20352.5   4.89923e+13
20827.5   4.81607e+13
21313.6   4.73504e+13
21811.1   4.6561e+13
22320.2   4.57922e+13
22841.1   4.50434e+13
23374.2   4.43141e+13
23919.8   4.36042e+13
24478.1   4.29131e+13
25049.4   4.22405e+13
25634.1   4.15862e+13
26232.4   4.09498e+13
26844.6   4.03311e+13
27471.2   3.97298e+13
28112.4   3.91457e+13
28768.5   3.85785e+13
29440   3.80281e+13
30127.1   3.74943e+13
30830.3   3.69771e+13
31549.9   3.64762e+13
32286.3   3.59915e+13
33039.9   3.5523e+13
33811   3.50707e+13
34600.2   3.46345e+13
35407.7   3.42143e+13
36234.2   3.38103e+13
37079.9   3.34225e+13
37945.3   3.30509e+13
38831   3.26957e+13
39737.3   3.23571e+13
40664.8   3.20352e+13
41613.9   3.17302e+13
42585.2   3.14425e+13
43579.1   3.11723e+13
44596.3   3.09201e+13
45637.2   3.06862e+13
46702.3   3.04712e+13
47792.4   3.02756e+13
48907.9   3.01e+13
50049.4   2.99452e+13
51217.6   2.98121e+13
52413   2.97016e+13
53636.3   2.96145e+13
54888.2   2.95523e+13
56169.3   2.95163e+13
57480.3   2.9508e+13
58821.9   2.95291e+13
60194.8   2.95817e+13
61599.8   2.96681e+13
63037.5   2.97907e+13
64508.8   2.99526e+13
66014.5   3.01572e+13
67555.3   3.04085e+13
69132   3.07107e+13
70745.6   3.10693e+13
72396.8   3.14898e+13
74086.6   3.19792e+13
75815.8   3.25448e+13
77585.3   3.31949e+13
79396.2   3.39378e+13
81249.3   3.47806e+13
83145.7   3.57264e+13
85086.3   3.67665e+13
87072.2   3.78621e+13
89104.5   3.88951e+13
91184.3   3.9522e+13
93312.5   3.86705e+13
95490.4   3.23408e+13
97719.2   2.59559
100000   2.11882e+15
