1   2.13236e+21
1.02334   1.94169e+21
1.04723   1.87744e+21
1.07167   1.79768e+21
1.09668   1.78889e+21
1.12228   1.68528e+21
1.14847   1.61999e+21
1.17528   1.55428e+21
1.20271   1.48834e+21
1.23078   1.45122e+21
1.25951   1.40516e+21
1.2889   1.33967e+21
1.31899   1.2917e+21
1.34977   1.26039e+21
1.38128   1.23078e+21
1.41352   1.16964e+21
1.44651   1.12507e+21
1.48027   1.15287e+21
1.51482   1.06791e+21
1.55018   1.03375e+21
1.58636   9.91716e+20
1.62338   9.63947e+20
1.66127   9.42646e+20
1.70005   9.07608e+20
1.73973   8.80863e+20
1.78033   8.53762e+20
1.82189   8.31091e+20
1.86441   8.06924e+20
1.90792   7.80199e+20
1.95246   7.56212e+20
1.99803   7.35559e+20
2.04466   7.10214e+20
2.09238   6.93721e+20
2.14122   6.70684e+20
2.1912   6.51809e+20
2.24234   6.32563e+20
2.29468   6.14444e+20
2.34823   5.9807e+20
2.40304   5.83749e+20
2.45913   5.64478e+20
2.51653   5.49669e+20
2.57526   5.34133e+20
2.63537   5.18046e+20
2.69688   5.04511e+20
2.75983   4.89362e+20
2.82424   4.77223e+20
2.89016   4.64223e+20
2.95762   4.52223e+20
3.02665   4.38584e+20
3.09729   4.27027e+20
3.16958   4.15417e+20
3.24356   4.04573e+20
3.31927   3.9389e+20
3.39674   3.83361e+20
3.47602   3.73432e+20
3.55715   3.63556e+20
3.64017   3.53919e+20
3.72514   3.44654e+20
3.81208   3.35696e+20
3.90106   3.27052e+20
3.99211   3.18364e+20
4.08529   3.10335e+20
4.18064   3.03095e+20
4.27821   2.94742e+20
4.37807   2.87291e+20
4.48025   2.799e+20
4.58482   2.72899e+20
4.69183   2.65931e+20
4.80134   2.59148e+20
4.91341   2.52679e+20
5.02809   2.46356e+20
5.14544   2.40244e+20
5.26554   2.34302e+20
5.38844   2.28652e+20
5.51421   2.22946e+20
5.64291   2.175e+20
5.77462   2.12149e+20
5.9094   2.06986e+20
6.04732   2.01918e+20
6.18847   1.97066e+20
6.33291   1.92317e+20
6.48072   1.87674e+20
6.63198   1.8317e+20
6.78677   1.78748e+20
6.94518   1.74502e+20
7.10728   1.70361e+20
7.27317   1.66368e+20
7.44292   1.62462e+20
7.61664   1.58635e+20
7.79442   1.54893e+20
7.97634   1.51283e+20
8.16251   1.47753e+20
8.35302   1.4432e+20
8.54798   1.40973e+20
8.7475   1.37732e+20
8.95166   1.34564e+20
9.1606   1.31473e+20
9.37441   1.28469e+20
9.59321   1.25536e+20
9.81712   1.22685e+20
10.0463   1.19917e+20
10.2807   1.17211e+20
10.5207   1.14577e+20
10.7662   1.12012e+20
11.0175   1.09562e+20
11.2747   1.07128e+20
11.5378   1.04763e+20
11.8071   1.02449e+20
12.0827   1.00206e+20
12.3647   9.80125e+19
12.6533   9.58761e+19
12.9486   9.37956e+19
13.2509   9.17654e+19
13.5602   8.97856e+19
13.8766   8.78565e+19
14.2005   8.59775e+19
14.532   8.41447e+19
14.8712   8.23592e+19
15.2183   8.06169e+19
15.5734   7.89188e+19
15.9369   7.72634e+19
16.3089   7.56469e+19
16.6896   7.40723e+19
17.0791   7.25366e+19
17.4777   7.1039e+19
17.8857   6.95779e+19
18.3031   6.81536e+19
18.7303   6.67634e+19
19.1675   6.5409e+19
19.6149   6.40855e+19
20.0727   6.2796e+19
20.5412   6.15371e+19
21.0206   6.03089e+19
21.5112   5.9111e+19
22.0133   5.797e+19
22.5271   5.68306e+19
23.0529   5.57219e+19
23.591   5.46406e+19
24.1416   5.35844e+19
24.705   5.25534e+19
25.2817   5.15467e+19
25.8717   5.05638e+19
26.4756   4.96042e+19
27.0935   4.86672e+19
27.7259   4.77522e+19
28.373   4.68588e+19
29.0353   4.59861e+19
29.713   4.51341e+19
30.4065   4.43018e+19
31.1162   4.34888e+19
31.8424   4.26947e+19
32.5856   4.19189e+19
33.3462   4.1161e+19
34.1245   4.04203e+19
34.921   3.96966e+19
35.736   3.89893e+19
36.5701   3.82981e+19
37.4237   3.76225e+19
38.2971   3.69621e+19
39.191   3.63164e+19
40.1057   3.56851e+19
41.0418   3.50678e+19
41.9997   3.44641e+19
42.98   3.38736e+19
43.9832   3.32961e+19
45.0098   3.27311e+19
46.0603   3.21782e+19
47.1353   3.16373e+19
48.2355   3.11079e+19
49.3613   3.05897e+19
50.5134   3.00825e+19
51.6924   2.95859e+19
52.8989   2.90996e+19
54.1336   2.86233e+19
55.3971   2.81569e+19
56.6901   2.76999e+19
58.0132   2.72522e+19
59.3673   2.68134e+19
60.7529   2.63835e+19
62.1709   2.5962e+19
63.622   2.55487e+19
65.1069   2.51435e+19
66.6265   2.47461e+19
68.1816   2.43563e+19
69.773   2.39739e+19
71.4015   2.35986e+19
73.068   2.32303e+19
74.7735   2.28688e+19
76.5187   2.25139e+19
78.3047   2.21654e+19
80.1323   2.18231e+19
82.0026   2.14869e+19
83.9166   2.11566e+19
85.8752   2.0832e+19
87.8795   2.0513e+19
89.9307   2.01995e+19
92.0297   1.98912e+19
94.1777   1.95881e+19
96.3758   1.929e+19
98.6252   1.89967e+19
100.927   1.87083e+19
103.283   1.84245e+19
105.693   1.81452e+19
108.16   1.78704e+19
110.685   1.75999e+19
113.268   1.73336e+19
115.912   1.70714e+19
118.617   1.68134e+19
121.386   1.65593e+19
124.219   1.6309e+19
127.118   1.60627e+19
130.085   1.582e+19
133.122   1.55811e+19
136.229   1.53458e+19
139.408   1.51141e+19
142.662   1.48859e+19
145.992   1.46612e+19
149.399   1.44399e+19
152.886   1.4222e+19
156.455   1.40074e+19
160.106   1.37962e+19
163.843   1.35881e+19
167.668   1.33833e+19
171.581   1.31817e+19
175.586   1.29831e+19
179.684   1.27877e+19
183.878   1.25953e+19
188.169   1.24059e+19
192.561   1.22195e+19
197.056   1.2036e+19
201.655   1.18554e+19
206.362   1.16776e+19
211.178   1.15026e+19
216.107   1.13303e+19
221.151   1.11607e+19
226.313   1.09937e+19
231.595   1.08294e+19
237.001   1.06675e+19
242.532   1.05081e+19
248.193   1.03511e+19
253.986   1.01965e+19
259.914   1.00442e+19
265.98   9.89412e+18
272.188   9.74621e+18
278.541   9.60042e+18
285.043   9.45669e+18
291.696   9.31496e+18
298.504   9.17516e+18
305.471   9.03724e+18
312.601   8.90114e+18
319.897   8.76679e+18
327.363   8.63415e+18
335.004   8.50315e+18
342.823   8.37375e+18
350.825   8.24587e+18
359.013   8.11948e+18
367.392   7.99451e+18
375.967   7.87093e+18
384.743   7.74868e+18
393.723   7.62771e+18
402.912   7.50798e+18
412.316   7.38945e+18
421.94   7.27207e+18
431.788   7.15581e+18
441.866   7.04063e+18
452.179   6.92649e+18
462.733   6.81337e+18
473.533   6.70122e+18
484.586   6.59002e+18
495.896   6.47974e+18
507.471   6.37035e+18
519.315   6.26183e+18
531.436   6.15415e+18
543.84   6.0473e+18
556.533   5.94125e+18
569.523   5.83598e+18
582.815   5.73148e+18
596.418   5.62772e+18
610.339   5.52469e+18
624.584   5.42238e+18
639.162   5.32077e+18
654.081   5.21984e+18
669.347   5.11959e+18
684.97   5.02001e+18
700.957   4.92107e+18
717.317   4.82278e+18
734.06   4.72511e+18
751.193   4.62807e+18
768.726   4.53163e+18
786.668   4.43579e+18
805.029   4.34055e+18
823.819   4.24589e+18
843.047   4.15181e+18
862.724   4.05829e+18
882.86   3.96534e+18
903.466   3.87294e+18
924.553   3.7811e+18
946.132   3.6898e+18
968.215   3.59905e+18
990.814   3.50885e+18
1013.94   3.41919e+18
1037.61   3.33007e+18
1061.82   3.24149e+18
1086.61   3.15347e+18
1111.97   3.06601e+18
1137.92   2.97912e+18
1164.48   2.8928e+18
1191.66   2.80708e+18
1219.47   2.72196e+18
1247.94   2.63747e+18
1277.06   2.55363e+18
1306.87   2.47047e+18
1337.37   2.38801e+18
1368.59   2.30629e+18
1400.53   2.22535e+18
1433.22   2.14521e+18
1466.67   2.06594e+18
1500.9   1.98757e+18
1535.93   1.91016e+18
1571.78   1.83376e+18
1608.47   1.75842e+18
1646.01   1.68422e+18
1684.43   1.6112e+18
1723.74   1.53945e+18
1763.98   1.46902e+18
1805.15   1.39999e+18
1847.28   1.33243e+18
1890.4   1.26641e+18
1934.52   1.20202e+18
1979.67   1.13931e+18
2025.88   1.07837e+18
2073.16   1.01928e+18
2121.55   9.62108e+17
2171.07   9.06931e+17
2221.74   8.53826e+17
2273.6   8.02864e+17
2326.66   7.54119e+17
2380.97   7.07654e+17
2436.54   6.63526e+17
2493.41   6.21889e+17
2551.61   5.8292e+17
2611.16   5.46631e+17
2672.11   5.13111e+17
2734.47   4.82453e+17
2798.3   4.54749e+17
2863.61   4.30089e+17
2930.45   4.08561e+17
2998.84   3.90247e+17
3068.84   3.75217e+17
3140.47   3.63529e+17
3213.76   3.5522e+17
3288.77   3.50302e+17
3365.53   3.48755e+17
3444.09   3.50519e+17
3524.47   3.5549e+17
3606.73   3.63512e+17
3690.92   3.74368e+17
3777.06   3.87784e+17
3865.22   4.03419e+17
3955.44   4.2087e+17
4047.76   4.39677e+17
4142.23   4.59327e+17
4238.91   4.79273e+17
4337.85   4.98942e+17
4439.1   5.17763e+17
4542.71   5.35187e+17
4648.73   5.50708e+17
4757.24   5.63896e+17
4868.27   5.74415e+17
4981.9   5.82043e+17
5098.18   5.86683e+17
5217.17   5.8837e+17
5338.94   5.8726e+17
5463.55   5.83618e+17
5591.07   5.77786e+17
5721.57   5.70157e+17
5855.11   5.6114e+17
5991.77   5.51119e+17
6131.62   5.4044e+17
6274.73   5.29379e+17
6421.19   5.18155e+17
6571.06   5.06913e+17
6724.43   4.95692e+17
6881.38   4.84511e+17
7041.99   4.73516e+17
7206.35   4.6269e+17
7374.55   4.52038e+17
7546.67   4.41613e+17
7722.81   4.31412e+17
7903.07   4.21432e+17
8087.52   4.11687e+17
8276.29   4.02175e+17
8469.46   3.92903e+17
8667.14   3.83861e+17
8869.43   3.75119e+17
9076.45   3.66614e+17
9288.29   3.58305e+17
9505.08   3.50226e+17
9726.93   3.42342e+17
9953.96   3.34658e+17
10186.3   3.27184e+17
10424   3.19905e+17
10667.3   3.12814e+17
10916.3   3.05932e+17
11171.1   2.99216e+17
11431.8   2.92738e+17
11698.7   2.86418e+17
11971.7   2.8028e+17
12251.1   2.74334e+17
12537.1   2.68562e+17
12829.7   2.6296e+17
13129.1   2.57533e+17
13435.6   2.52252e+17
13749.2   2.4718e+17
14070.1   2.42251e+17
14398.5   2.37464e+17
14734.5   2.32855e+17
15078.5   2.28372e+17
15430.4   2.24047e+17
15790.5   2.1985e+17
16159.1   2.15794e+17
16536.2   2.11872e+17
16922.2   2.08083e+17
17317.2   2.0441e+17
17721.4   2.00842e+17
18135   1.9739e+17
18558.3   1.94058e+17
18991.4   1.90831e+17
19434.7   1.877e+17
19888.3   1.84675e+17
20352.5   1.8173e+17
20827.5   1.78874e+17
21313.6   1.7611e+17
21811.1   1.73424e+17
22320.2   1.70818e+17
22841.1   1.68282e+17
23374.2   1.6582e+17
23919.8   1.63425e+17
24478.1   1.61056e+17
25049.4   1.5881e+17
25634.1   1.56588e+17
26232.4   1.54409e+17
26844.6   1.52303e+17
27471.2   1.5024e+17
28112.4   1.48197e+17
28768.5   1.46222e+17
29440   1.44273e+17
30127.1   1.42356e+17
30830.3   1.40489e+17
31549.9   1.3865e+17
32286.3   1.36823e+17
33039.9   1.35043e+17
33811   1.333e+17
34600.2   1.31561e+17
35407.7   1.29845e+17
36234.2   1.28152e+17
37079.9   1.26479e+17
37945.3   1.24806e+17
38831   1.23168e+17
39737.3   1.21513e+17
40664.8   1.19906e+17
41613.9   1.18304e+17
42585.2   1.1669e+17
43579.1   1.15091e+17
44596.3   1.13492e+17
45637.2   1.11888e+17
46702.3   1.10278e+17
47792.4   1.08684e+17
48907.9   1.07072e+17
50049.4   1.05438e+17
51217.6   1.03783e+17
52413   1.02121e+17
53636.3   1.0044e+17
54888.2   9.87014e+16
56169.3   9.69451e+16
57480.3   9.51252e+16
58821.9   9.32414e+16
60194.8   9.12849e+16
61599.8   8.92312e+16
63037.5   8.70615e+16
64508.8   8.47664e+16
66014.5   8.22987e+16
67555.3   7.96249e+16
69132   7.67227e+16
70745.6   7.35161e+16
72396.8   6.99537e+16
74086.6   6.59755e+16
75815.8   6.149e+16
77585.3   5.64088e+16
79396.2   5.06501e+16
81249.3   4.41384e+16
83145.7   3.68403e+16
85086.3   2.88486e+16
87072.2   2.04427e+16
89104.5   1.22771e+16
91184.3   5.46076e+15
93312.5   1.30587e+15
95490.4   6.291e+13
97719.2   3.95338e+09
100000   0
