1   2.02843e+32
9.4503   2.72586e+31
17.9006   1.59026e+31
26.3509   1.13335e+31
34.8012   8.7819e+30
43.2515   7.13053e+30
51.7018   5.96774e+30
60.1521   5.10296e+30
68.6024   4.43458e+30
77.0527   3.90296e+30
85.503   3.4706e+30
93.9533   3.11263e+30
102.404   2.81184e+30
110.854   2.55596e+30
119.304   2.33597e+30
127.754   2.14508e+30
136.205   1.97811e+30
144.655   1.83101e+30
153.105   1.7006e+30
161.556   1.58431e+30
170.006   1.48007e+30
178.456   1.38618e+30
186.907   1.30126e+30
195.357   1.22413e+30
203.807   1.15382e+30
212.257   1.08952e+30
220.708   1.0305e+30
229.158   9.76189e+29
237.608   9.26061e+29
246.059   8.79675e+29
254.509   8.36647e+29
262.959   7.96639e+29
271.409   7.5936e+29
279.86   7.24552e+29
288.31   6.91988e+29
296.76   6.61467e+29
305.211   6.32811e+29
313.661   6.05861e+29
322.111   5.80477e+29
330.562   5.56532e+29
339.012   5.33913e+29
347.462   5.12517e+29
355.912   4.92253e+29
364.363   4.73037e+29
372.813   4.54795e+29
381.263   4.37458e+29
389.714   4.20965e+29
398.164   4.05259e+29
406.614   3.90288e+29
415.064   3.76006e+29
423.515   3.62369e+29
431.965   3.49338e+29
440.415   3.36877e+29
448.866   3.24952e+29
457.316   3.13533e+29
465.766   3.02591e+29
474.217   2.92099e+29
482.667   2.82035e+29
491.117   2.72375e+29
499.567   2.63098e+29
508.018   2.54184e+29
516.468   2.45617e+29
524.918   2.37378e+29
533.369   2.29452e+29
541.819   2.21825e+29
550.269   2.14482e+29
558.72   2.07411e+29
567.17   2.006e+29
575.62   1.94036e+29
584.07   1.8771e+29
592.521   1.81611e+29
600.971   1.7573e+29
609.421   1.70057e+29
617.872   1.64584e+29
626.322   1.59304e+29
634.772   1.54208e+29
643.222   1.49289e+29
651.673   1.4454e+29
660.123   1.39955e+29
668.573   1.35527e+29
677.024   1.31251e+29
685.474   1.2712e+29
693.924   1.2313e+29
702.375   1.19275e+29
710.825   1.15551e+29
719.275   1.11951e+29
727.725   1.08473e+29
736.176   1.05111e+29
744.626   1.01862e+29
753.076   9.87212e+28
761.527   9.5685e+28
769.977   9.27496e+28
778.427   8.96118e+28
786.877   8.64091e+28
795.328   8.33326e+28
803.778   8.03767e+28
812.228   7.75364e+28
820.679   7.48068e+28
829.129   7.21831e+28
837.579   6.9661e+28
846.03   6.72361e+28
854.48   6.49045e+28
862.93   6.26622e+28
871.38   6.05056e+28
879.831   5.84311e+28
888.281   5.64353e+28
896.731   5.4515e+28
905.182   5.26672e+28
913.632   5.08888e+28
922.082   4.91771e+28
930.533   4.75293e+28
938.983   4.59429e+28
947.433   4.44154e+28
955.883   4.29445e+28
964.334   4.15278e+28
972.784   4.01633e+28
981.234   3.88488e+28
989.685   3.75823e+28
998.135   3.6362e+28
1006.59   3.5186e+28
1015.04   3.40525e+28
1023.49   3.296e+28
1031.94   3.19068e+28
1040.39   3.08914e+28
1048.84   2.99122e+28
1057.29   2.8968e+28
1065.74   2.80572e+28
1074.19   2.71787e+28
1082.64   2.63312e+28
1091.09   2.55135e+28
1099.54   2.47245e+28
1107.99   2.3963e+28
1116.44   2.3228e+28
1124.89   2.25185e+28
1133.34   2.18335e+28
1141.79   2.11722e+28
1150.24   2.05335e+28
1158.69   1.99167e+28
1167.14   1.93209e+28
1175.59   1.87454e+28
1184.04   1.81894e+28
1192.49   1.76521e+28
1200.94   1.71329e+28
1209.39   1.66311e+28
1217.84   1.6146e+28
1226.29   1.56771e+28
1234.74   1.52238e+28
1243.19   1.47854e+28
1251.64   1.43614e+28
1260.09   1.39513e+28
1268.54   1.35547e+28
1276.99   1.31709e+28
1285.44   1.27996e+28
1293.9   1.24403e+28
1302.35   1.20926e+28
1310.8   1.1756e+28
1319.25   1.14302e+28
1327.7   1.11147e+28
1336.15   1.08093e+28
1344.6   1.05135e+28
1353.05   1.0227e+28
1361.5   9.94956e+27
1369.95   9.68076e+27
1378.4   9.42033e+27
1386.85   9.16798e+27
1395.3   8.92343e+27
1403.75   8.68641e+27
1412.2   8.45666e+27
1420.65   8.23393e+27
1429.1   8.01799e+27
1437.55   7.8086e+27
1446   7.60553e+27
1454.45   7.40858e+27
1462.9   7.21754e+27
1471.35   7.0322e+27
1479.8   6.85238e+27
1488.25   6.6779e+27
1496.7   6.50857e+27
1505.15   6.34422e+27
1513.6   6.18469e+27
1522.05   6.02982e+27
1530.5   5.87946e+27
1538.95   5.73345e+27
1547.4   5.59166e+27
1555.85   5.45396e+27
1564.3   5.3202e+27
1572.75   5.19025e+27
1581.21   5.06401e+27
1589.66   4.94134e+27
1598.11   4.82213e+27
1606.56   4.70628e+27
1615.01   4.59367e+27
1623.46   4.48421e+27
1631.91   4.37779e+27
1640.36   4.27432e+27
1648.81   4.1737e+27
1657.26   4.07586e+27
1665.71   3.98069e+27
1674.16   3.88812e+27
1682.61   3.79806e+27
1691.06   3.71045e+27
1699.51   3.6252e+27
1707.96   3.54224e+27
1716.41   3.4615e+27
1724.86   3.38292e+27
1733.31   3.30642e+27
1741.76   3.23196e+27
1750.21   3.15946e+27
1758.66   3.08886e+27
1767.11   3.02011e+27
1775.56   2.95316e+27
1784.01   2.88795e+27
1792.46   2.82443e+27
1800.91   2.76254e+27
1809.36   2.70225e+27
1817.81   2.64351e+27
1826.26   2.58626e+27
1834.71   2.53047e+27
1843.16   2.47609e+27
1851.61   2.42309e+27
1860.07   2.37142e+27
1868.52   2.32104e+27
1876.97   2.27193e+27
1885.42   2.22403e+27
1893.87   2.17733e+27
1902.32   2.13177e+27
1910.77   2.08734e+27
1919.22   2.044e+27
1927.67   2.00172e+27
1936.12   1.96047e+27
1944.57   1.92022e+27
1953.02   1.88094e+27
1961.47   1.84261e+27
1969.92   1.8052e+27
1978.37   1.76868e+27
1986.82   1.73304e+27
1995.27   1.69824e+27
2003.72   1.66427e+27
2012.17   1.63109e+27
2020.62   1.5987e+27
2029.07   1.56707e+27
2037.52   1.53617e+27
2045.97   1.506e+27
2054.42   1.47652e+27
2062.87   1.44772e+27
2071.32   1.41959e+27
2079.77   1.3921e+27
2088.22   1.36524e+27
2096.67   1.339e+27
2105.12   1.31335e+27
2113.57   1.28828e+27
2122.02   1.26377e+27
2130.47   1.23982e+27
2138.92   1.2164e+27
2147.38   1.19351e+27
2155.83   1.17112e+27
2164.28   1.14924e+27
2172.73   1.12783e+27
2181.18   1.1069e+27
2189.63   1.08642e+27
2198.08   1.0664e+27
2206.53   1.04681e+27
2214.98   1.02765e+27
2223.43   1.0089e+27
2231.88   9.90556e+26
2240.33   9.72608e+26
2248.78   9.55045e+26
2257.23   9.37857e+26
2265.68   9.21036e+26
2274.13   9.04572e+26
2282.58   8.88456e+26
2291.03   8.72681e+26
2299.48   8.57237e+26
2307.93   8.42117e+26
2316.38   8.27313e+26
2324.83   8.12818e+26
2333.28   7.98623e+26
2341.73   7.84723e+26
2350.18   7.71109e+26
2358.63   7.57775e+26
2367.08   7.44715e+26
2375.53   7.31921e+26
2383.98   7.19388e+26
2392.43   7.0711e+26
2400.88   6.9508e+26
2409.33   6.83293e+26
2417.78   6.71743e+26
2426.23   6.60424e+26
2434.69   6.49332e+26
2443.14   6.38461e+26
2451.59   6.27806e+26
2460.04   6.17362e+26
2468.49   6.07124e+26
2476.94   5.97088e+26
2485.39   5.87249e+26
2493.84   5.77602e+26
2502.29   5.68143e+26
2510.74   5.58868e+26
2519.19   5.49773e+26
2527.64   5.40854e+26
2536.09   5.32107e+26
2544.54   5.23527e+26
2552.99   5.15112e+26
2561.44   5.06858e+26
2569.89   4.98761e+26
2578.34   4.90817e+26
2586.79   4.83024e+26
2595.24   4.75378e+26
2603.69   4.67875e+26
2612.14   4.60514e+26
2620.59   4.5329e+26
2629.04   4.462e+26
2637.49   4.39243e+26
2645.94   4.32414e+26
2654.39   4.25712e+26
2662.84   4.19133e+26
2671.29   4.12675e+26
2679.74   4.06336e+26
2688.19   4.00112e+26
2696.64   3.94001e+26
2705.09   3.88002e+26
2713.54   3.82111e+26
2722   3.76326e+26
2730.45   3.70646e+26
2738.9   3.65068e+26
2747.35   3.59589e+26
2755.8   3.54209e+26
2764.25   3.48924e+26
2772.7   3.43733e+26
2781.15   3.38634e+26
2789.6   3.33625e+26
2798.05   3.28704e+26
2806.5   3.23869e+26
2814.95   0
2823.4   0
2831.85   0
2840.3   0
2848.75   0
2857.2   0
2865.65   0
2874.1   0
2882.55   0
2891   0
2899.45   0
2907.9   0
2916.35   0
2924.8   0
2933.25   0
2941.7   0
2950.15   0
2958.6   0
2967.05   0
2975.5   0
2983.95   0
2992.4   0
3000.85   0
3009.31   0
3017.76   0
3026.21   0
3034.66   0
3043.11   0
3051.56   0
3060.01   0
3068.46   0
3076.91   0
3085.36   0
3093.81   0
3102.26   0
3110.71   0
3119.16   0
3127.61   0
3136.06   0
3144.51   0
3152.96   0
3161.41   0
3169.86   0
3178.31   0
3186.76   0
3195.21   0
3203.66   0
3212.11   0
3220.56   0
3229.01   0
3237.46   0
3245.91   0
3254.36   0
3262.81   0
3271.26   0
3279.71   0
3288.17   0
3296.62   0
3305.07   0
3313.52   0
3321.97   0
3330.42   0
3338.87   0
3347.32   0
3355.77   0
3364.22   0
3372.67   0
3381.12   0
3389.57   0
3398.02   0
3406.47   0
3414.92   0
3423.37   0
3431.82   0
3440.27   0
3448.72   0
3457.17   0
3465.62   0
3474.07   0
3482.52   0
3490.97   0
3499.42   0
3507.87   0
3516.32   0
3524.77   0
3533.22   0
3541.67   0
3550.12   0
3558.57   0
3567.02   0
3575.48   0
3583.93   0
3592.38   0
3600.83   0
3609.28   0
3617.73   0
3626.18   0
3634.63   0
3643.08   0
3651.53   0
3659.98   0
3668.43   0
3676.88   0
3685.33   0
3693.78   0
3702.23   0
3710.68   0
3719.13   0
3727.58   0
3736.03   0
3744.48   0
3752.93   0
3761.38   0
3769.83   0
3778.28   0
3786.73   0
3795.18   0
3803.63   0
3812.08   0
3820.53   0
3828.98   0
3837.43   0
3845.88   0
3854.33   0
3862.79   0
3871.24   0
3879.69   0
3888.14   0
3896.59   0
3905.04   0
3913.49   0
3921.94   0
3930.39   0
3938.84   0
3947.29   0
3955.74   0
3964.19   0
3972.64   0
3981.09   0
3989.54   0
3997.99   0
4006.44   0
4014.89   0
4023.34   0
4031.79   0
4040.24   0
4048.69   0
4057.14   0
4065.59   0
4074.04   0
4082.49   0
4090.94   0
4099.39   0
4107.84   0
4116.29   0
4124.74   0
4133.19   0
4141.64   0
4150.1   0
4158.55   0
4167   0
4175.45   0
4183.9   0
4192.35   0
4200.8   0
4209.25   0
4217.7   0
