1   3.28509e+30
1.02334   3.2049e+30
1.04723   3.12702e+30
1.07167   3.05136e+30
1.09668   2.97787e+30
1.12228   2.90648e+30
1.14847   2.83713e+30
1.17528   2.76976e+30
1.20271   2.70431e+30
1.23078   2.64072e+30
1.25951   2.57895e+30
1.2889   2.51893e+30
1.31899   2.46061e+30
1.34977   2.40395e+30
1.38128   2.34889e+30
1.41352   2.29538e+30
1.44651   2.24339e+30
1.48027   2.19286e+30
1.51482   2.14375e+30
1.55018   2.09602e+30
1.58636   2.04963e+30
1.62338   2.00454e+30
1.66127   1.9607e+30
1.70005   1.91808e+30
1.73973   1.87665e+30
1.78033   1.83636e+30
1.82189   1.7972e+30
1.86441   1.75911e+30
1.90792   1.72207e+30
1.95246   1.68605e+30
1.99803   1.65101e+30
2.04466   1.61694e+30
2.09238   1.58379e+30
2.14122   1.55155e+30
2.1912   1.52018e+30
2.24234   1.48966e+30
2.29468   1.45997e+30
2.34823   1.43108e+30
2.40304   1.40296e+30
2.45913   1.3756e+30
2.51653   1.34898e+30
2.57526   1.32306e+30
2.63537   1.29784e+30
2.69688   1.27328e+30
2.75983   1.24938e+30
2.82424   1.22612e+30
2.89016   1.20347e+30
2.95762   1.18141e+30
3.02665   1.15994e+30
3.09729   1.13903e+30
3.16958   1.11867e+30
3.24356   1.09885e+30
3.31927   1.07954e+30
3.39674   1.06074e+30
3.47602   1.04243e+30
3.55715   1.02459e+30
3.64017   1.00722e+30
3.72514   9.90301e+29
3.81208   9.7382e+29
3.90106   9.57767e+29
3.99211   9.42129e+29
4.08529   9.26896e+29
4.18064   9.12057e+29
4.27821   8.97601e+29
4.37807   8.83519e+29
4.48025   8.69799e+29
4.58482   8.56434e+29
4.69183   8.43413e+29
4.80134   8.30727e+29
4.91341   8.18369e+29
5.02809   8.06329e+29
5.14544   7.94599e+29
5.26554   7.83171e+29
5.38844   7.72038e+29
5.51421   7.61191e+29
5.64291   7.50625e+29
5.77462   7.4033e+29
5.9094   7.30302e+29
6.04732   7.20531e+29
6.18847   7.11014e+29
6.33291   7.01742e+29
6.48072   6.92709e+29
6.63198   6.8391e+29
6.78677   6.75339e+29
6.94518   6.66989e+29
7.10728   6.58856e+29
7.27317   6.50933e+29
7.44292   6.43215e+29
7.61664   6.35698e+29
7.79442   6.28375e+29
7.97634   6.21243e+29
8.16251   6.14295e+29
8.35302   6.07528e+29
8.54798   6.00936e+29
8.7475   5.94514e+29
8.95166   5.8826e+29
9.1606   5.82167e+29
9.37441   5.76232e+29
9.59321   5.7045e+29
9.81712   5.64817e+29
10.0463   5.59329e+29
10.2807   5.53982e+29
10.5207   5.48772e+29
10.7662   5.43695e+29
11.0175   5.38748e+29
11.2747   5.33926e+29
11.5378   5.29226e+29
11.8071   5.24644e+29
12.0827   5.20176e+29
12.3647   5.15819e+29
12.6533   5.1157e+29
12.9486   5.07425e+29
13.2509   5.0338e+29
13.5602   4.99432e+29
13.8766   4.95579e+29
14.2005   4.91816e+29
14.532   4.8814e+29
14.8712   4.84549e+29
15.2183   4.81039e+29
15.5734   4.77607e+29
15.9369   4.7425e+29
16.3089   4.70964e+29
16.6896   4.67748e+29
17.0791   4.64598e+29
17.4777   4.61511e+29
17.8857   4.58484e+29
18.3031   4.55515e+29
18.7303   4.52601e+29
19.1675   4.49739e+29
19.6149   4.46926e+29
20.0727   4.4416e+29
20.5412   4.41438e+29
21.0206   4.38758e+29
21.5112   4.36116e+29
22.0133   4.33512e+29
22.5271   4.30942e+29
23.0529   4.28403e+29
23.591   4.25894e+29
24.1416   4.23413e+29
24.705   4.20956e+29
25.2817   4.18523e+29
25.8717   4.1611e+29
26.4756   4.13716e+29
27.0935   4.11338e+29
27.7259   4.08976e+29
28.373   4.06625e+29
29.0353   4.04286e+29
29.713   4.01956e+29
30.4065   3.99633e+29
31.1162   3.97315e+29
31.8424   3.95001e+29
32.5856   3.92689e+29
33.3462   3.90377e+29
34.1245   3.88065e+29
34.921   3.85749e+29
35.736   3.8343e+29
36.5701   3.81105e+29
37.4237   3.78773e+29
38.2971   3.76432e+29
39.191   3.74082e+29
40.1057   3.7172e+29
41.0418   3.69345e+29
41.9997   3.66957e+29
42.98   3.64553e+29
43.9832   3.62133e+29
45.0098   3.59694e+29
46.0603   3.57237e+29
47.1353   3.54758e+29
48.2355   3.52257e+29
49.3613   3.49732e+29
50.5134   3.47182e+29
51.6924   3.44604e+29
52.8989   3.41998e+29
54.1336   3.39362e+29
55.3971   3.36693e+29
56.6901   3.33989e+29
58.0132   3.31249e+29
59.3673   3.2847e+29
60.7529   3.2565e+29
62.1709   3.22785e+29
63.622   3.19874e+29
65.1069   3.16914e+29
66.6265   3.139e+29
68.1816   3.1083e+29
69.773   3.07701e+29
71.4015   3.04508e+29
73.068   3.01247e+29
74.7735   2.97915e+29
76.5187   2.94507e+29
78.3047   2.91018e+29
80.1323   2.87444e+29
82.0026   2.8378e+29
83.9166   2.80021e+29
85.8752   2.76161e+29
87.8795   2.72197e+29
89.9307   2.68122e+29
92.0297   2.63932e+29
94.1777   2.59622e+29
96.3758   2.55189e+29
98.6252   2.50627e+29
100.927   2.45933e+29
103.283   2.41104e+29
105.693   2.36138e+29
108.16   2.31033e+29
110.685   2.25788e+29
113.268   2.20404e+29
115.912   2.14884e+29
118.617   2.09228e+29
121.386   2.03443e+29
124.219   1.97533e+29
127.118   1.91506e+29
130.085   1.85371e+29
133.122   1.79139e+29
136.229   1.72822e+29
139.408   1.66433e+29
142.662   1.59987e+29
145.992   1.53501e+29
149.399   1.46993e+29
152.886   1.40481e+29
156.455   1.33985e+29
160.106   1.27524e+29
163.843   1.21119e+29
167.668   1.14789e+29
171.581   1.08555e+29
175.586   1.02435e+29
179.684   9.64486e+28
183.878   9.06118e+28
188.169   8.49407e+28
192.561   7.94496e+28
197.056   7.4151e+28
201.655   6.90556e+28
206.362   6.4172e+28
211.178   5.95072e+28
216.107   5.50659e+28
221.151   5.08512e+28
226.313   4.68642e+28
231.595   4.31042e+28
237.001   3.95691e+28
242.532   3.62552e+28
248.193   3.31575e+28
253.986   3.027e+28
259.914   2.75857e+28
265.98   2.50966e+28
272.188   2.27945e+28
278.541   2.06704e+28
285.043   1.87151e+28
291.696   1.69191e+28
298.504   1.52731e+28
305.471   1.37676e+28
312.601   1.23934e+28
319.897   1.11412e+28
327.363   1.00025e+28
335.004   8.96862e+27
342.823   8.03153e+27
350.825   7.1835e+27
359.013   6.41723e+27
367.392   5.72584e+27
375.967   5.10289e+27
384.743   4.54235e+27
393.723   4.03861e+27
402.912   3.58647e+27
412.316   3.18114e+27
421.94   2.81818e+27
431.788   2.49351e+27
441.866   2.20342e+27
452.179   1.94449e+27
462.733   1.71361e+27
473.533   1.50793e+27
484.586   1.3249e+27
495.896   1.16216e+27
507.471   1.01761e+27
519.315   8.89322e+26
531.436   7.75582e+26
543.84   6.74829e+26
556.533   5.85662e+26
569.523   5.06821e+26
582.815   4.37174e+26
596.418   1.66852e+26
610.339   1.13765e+26
624.584   7.57379e+25
639.162   4.96205e+25
654.081   3.22153e+25
669.347   2.08399e+25
684.97   1.34868e+25
700.957   8.75639e+24
717.317   5.71436e+24
734.06   3.75292e+24
751.193   2.48236e+24
768.726   1.65445e+24
786.668   1.11134e+24
805.029   7.52466e+23
823.819   5.13552e+23
843.047   3.53279e+23
862.724   2.44936e+23
882.86   1.71134e+23
903.466   1.2048e+23
924.553   8.54532e+22
946.132   6.10533e+22
968.215   4.39335e+22
990.814   3.18362e+22
1013.94   2.32284e+22
1037.61   1.70618e+22
1061.82   1.26147e+22
1086.61   9.38659e+21
1111.97   7.0284e+21
1137.92   5.29494e+21
1164.48   4.01295e+21
1191.66   3.05917e+21
1219.47   2.34543e+21
1247.94   1.80829e+21
1277.06   1.40178e+21
1306.87   1.09247e+21
1337.37   8.55849e+20
1368.59   6.73903e+20
1400.53   5.33283e+20
1433.22   4.24061e+20
1466.67   3.38814e+20
1500.9   2.71964e+20
1535.93   2.19296e+20
1571.78   1.77613e+20
1608.47   1.44477e+20
1646.01   1.18022e+20
1684.43   9.68103e+19
1723.74   7.97326e+19
1763.98   6.59273e+19
1805.15   5.47231e+19
1847.28   4.55947e+19
1890.4   3.81293e+19
1934.52   3.20012e+19
1979.67   2.69528e+19
2025.88   2.27789e+19
2073.16   1.93162e+19
2121.55   1.64338e+19
2171.07   1.40265e+19
2221.74   1.20093e+19
2273.6   1.03139e+19
2326.66   8.88432e+18
2380.97   7.67534e+18
2436.54   6.64987e+18
2493.41   5.77752e+18
2551.61   5.03334e+18
2611.16   4.39673e+18
2672.11   3.85066e+18
2734.47   3.38102e+18
2798.3   2.97605e+18
2863.61   2.62597e+18
2930.45   2.32259e+18
2998.84   2.05903e+18
3068.84   1.82953e+18
3140.47   1.62922e+18
3213.76   1.45399e+18
3288.77   1.30036e+18
3365.53   1.16537e+18
3444.09   1.0465e+18
3524.47   9.41624e+17
3606.73   8.48892e+17
3690.92   7.66739e+17
3777.06   6.93815e+17
3865.22   6.28959e+17
3955.44   5.71172e+17
4047.76   5.19587e+17
4142.23   4.73457e+17
4238.91   4.32134e+17
4337.85   3.95051e+17
4439.1   3.61718e+17
4542.71   3.31707e+17
4648.73   3.04643e+17
4757.24   2.80198e+17
4868.27   2.58085e+17
4981.9   2.3805e+17
5098.18   2.19872e+17
5217.17   2.03354e+17
5338.94   1.88324e+17
5463.55   1.74629e+17
5591.07   1.62132e+17
5721.57   1.50715e+17
5855.11   1.40269e+17
5991.77   1.30701e+17
6131.62   1.21925e+17
6274.73   1.13866e+17
6421.19   1.06456e+17
6571.06   9.96359e+16
6724.43   9.33503e+16
6881.38   8.75512e+16
7041.99   8.2195e+16
7206.35   7.72424e+16
7374.55   7.26581e+16
7546.67   6.84104e+16
7722.81   6.44705e+16
7903.07   6.08125e+16
8087.52   5.74128e+16
8276.29   5.42501e+16
8469.46   5.13052e+16
8667.14   4.85606e+16
8869.43   4.60001e+16
9076.45   4.36095e+16
9288.29   4.13754e+16
9505.08   3.92859e+16
9726.93   3.73298e+16
9953.96   3.54973e+16
10186.3   3.37791e+16
10424   3.21667e+16
10667.3   3.06526e+16
10916.3   2.92295e+16
11171.1   2.7891e+16
11431.8   2.66312e+16
11698.7   2.54446e+16
11971.7   2.43261e+16
12251.1   2.32711e+16
12537.1   2.22753e+16
12829.7   2.13347e+16
13129.1   2.03021e+16
13435.6   1.94639e+16
13749.2   1.86706e+16
14070.1   1.79195e+16
14398.5   1.72078e+16
14734.5   1.65331e+16
15078.5   1.58932e+16
15430.4   1.52857e+16
15790.5   1.47089e+16
16159.1   1.41608e+16
16536.2   1.36397e+16
16922.2   1.3144e+16
17317.2   1.26723e+16
17721.4   1.22232e+16
18135   1.17954e+16
18558.3   1.13876e+16
18991.4   1.09988e+16
19434.7   1.06279e+16
19888.3   1.02739e+16
20352.5   9.93593e+15
20827.5   9.61308e+15
21313.6   9.30456e+15
21811.1   9.00962e+15
22320.2   8.72754e+15
22841.1   8.45768e+15
23374.2   8.1994e+15
23919.8   7.95211e+15
24478.1   7.71528e+15
25049.4   7.48838e+15
25634.1   7.27093e+15
26232.4   7.06247e+15
26844.6   6.86258e+15
27471.2   6.67085e+15
28112.4   6.48689e+15
28768.5   6.31034e+15
29440   6.14089e+15
30127.1   5.97819e+15
30830.3   5.82196e+15
31549.9   5.67191e+15
32286.3   5.52777e+15
33039.9   5.38928e+15
33811   5.25622e+15
34600.2   5.12836e+15
35407.7   5.00548e+15
36234.2   4.88738e+15
37079.9   4.77388e+15
37945.3   4.66481e+15
38831   4.55998e+15
39737.3   4.45925e+15
40664.8   4.36246e+15
41613.9   4.26947e+15
42585.2   4.18015e+15
43579.1   4.09438e+15
44596.3   4.01203e+15
45637.2   3.933e+15
46702.3   3.85716e+15
47792.4   3.78444e+15
48907.9   3.71472e+15
50049.4   3.64792e+15
51217.6   3.58395e+15
52413   3.52272e+15
53636.3   3.46411e+15
54888.2   3.40807e+15
56169.3   3.35448e+15
57480.3   3.30325e+15
58821.9   3.25427e+15
60194.8   3.20741e+15
61599.8   3.16252e+15
63037.5   3.11941e+15
64508.8   3.07787e+15
66014.5   3.03762e+15
67555.3   2.99829e+15
69132   2.95939e+15
70745.6   2.92028e+15
72396.8   2.8801e+15
74086.6   2.83764e+15
75815.8   2.79125e+15
77585.3   2.73856e+15
79396.2   2.67624e+15
81249.3   2.59943e+15
83145.7   2.50104e+15
85086.3   2.37054e+15
87072.2   2.19236e+15
89104.5   1.94369e+15
91184.3   1.5934e+15
93312.5   1.10923e+15
95490.4   5.05652e+14
97719.2   75.4595
100000   1.83852e+17
