188200  0.095  
198100  0.065  
208000  0.042  
237700  0.064  
247600  0.07  
257500  0.029  
277300  0.024  
287200  0.02  
316900  0.029  
326800  0.024  
336700  0.012  
346600  0.0077  
356500  0.034  
366400  0.013  
376300  0.0054  
386200  0.0036  
396100  0.0026  
406000  0.0021  
415900  0.04  
425800  0.008  
435700  0.0017  
445600  0.0012  
455500  0.0009  
465400  0.00063  
475300  0.00055  
485200  0.00049  
495100  0.00039  
505000  0.00028  
514900  0.00025  
524800  0.00017  
534700  0.00016  
544600  0.00014  
554500  0.00011  
564400  9.2e-05  
574300  8e-05  
584200  5.5e-05  
594100  3.9e-05  
604000  3.5e-05  
613900  2.8e-05  
623800  2.1e-05  
633700  1.8e-05  
643600  1.3e-05  
653500  1.1e-05  
663400  9.9e-06  
673300  7e-06  
683200  6.3e-06  
693100  6e-06  
703000  5.5e-06  
712900  4.3e-06  
722800  3.9e-06  
732700  3.2e-06  
742600  2.8e-06  
752500  2.6e-06  
762400  2.3e-06  
772300  2.1e-06  
782200  1.7e-06  
792100  1.6e-06  
802000  1.5e-06  
811900  1.3e-06  
821800  9.4e-07  
831700  8.8e-07  
841600  8.2e-07  
851500  7.7e-07  
861400  7.2e-07  
871300  6.7e-07  
881200  6.6e-07  
891100  5.5e-07  
901000  5.2e-07  
910900  4.9e-07  
920800  4.7e-07  
930700  4.4e-07  
940600  4.2e-07  
950500  4e-07  
960400  4e-07  
970300  3.3e-07  
980200  3.1e-07  
990100  2.8e-07  
1.9801e+06  9.6e-09  
2.9701e+06  2.5e-09  
3.9601e+06  1.3e-09  
4.9501e+06  7.3e-10  
5.9401e+06  5.1e-10  
6.9301e+06  3.8e-10  
7.9201e+06  2.9e-10  
8.9101e+06  2.4e-10  
9.9001e+06  2.1e-10  
1.08901e+07  1.8e-10  
1.18801e+07  1.5e-10  
1.28701e+07  1.3e-10  
1.38601e+07  1.1e-10  
1.48501e+07  9.4e-11  
1.58401e+07  8.5e-11  
1.68301e+07  7.4e-11  
1.78201e+07  6.4e-11  
1.88101e+07  6.1e-11  
1.98001e+07  5.8e-11  
2.07901e+07  5e-11  
2.17801e+07  4.8e-11  
2.27701e+07  4.7e-11  
2.37601e+07  4.5e-11  
2.47501e+07  4.4e-11  
2.57401e+07  3.6e-11  
2.67301e+07  3.5e-11  
2.77201e+07  3.4e-11  
2.87101e+07  2.9e-11  
2.97001e+07  2.9e-11  
3.06901e+07  2.8e-11  
3.16801e+07  2.6e-11  
3.26701e+07  2.6e-11  
3.36601e+07  2.5e-11  
3.46501e+07  2.3e-11  
3.56401e+07  2.2e-11  
3.66301e+07  2.2e-11  
3.76201e+07  2e-11  
3.86101e+07  1.9e-11  
3.96001e+07  1.9e-11  
4.05901e+07  1.9e-11  
4.15801e+07  1.9e-11  
4.25701e+07  1.9e-11  
4.35601e+07  1.8e-11  
4.45501e+07  1.7e-11  
4.55401e+07  1.7e-11  
4.65301e+07  1.7e-11  
4.75201e+07  1.7e-11  
4.85101e+07  1.6e-11  
4.95001e+07  1.6e-11  
5.04901e+07  1.6e-11  
5.14801e+07  1.6e-11  
5.24701e+07  1.4e-11  
5.34601e+07  1.4e-11  
5.44501e+07  1.4e-11  
5.54401e+07  1.4e-11  
5.64301e+07  1.4e-11  
5.74201e+07  1.4e-11  
5.84101e+07  1.4e-11  
5.94001e+07  1.4e-11  
6.03901e+07  1.3e-11  
6.13801e+07  1.3e-11  
6.23701e+07  1.3e-11  
6.33601e+07  1.3e-11  
6.43501e+07  1.3e-11  
6.53401e+07  1.3e-11  
6.63301e+07  1.3e-11  
6.73201e+07  1.3e-11  
6.83101e+07  1.3e-11  
6.93001e+07  1.2e-11  
7.02901e+07  1.2e-11  
7.12801e+07  1.1e-11  
7.22701e+07  1.1e-11  
7.32601e+07  1.1e-11  
7.42501e+07  1.1e-11  
7.52401e+07  1.1e-11  
7.62301e+07  1.1e-11  
7.72201e+07  1.1e-11  
7.82101e+07  1.1e-11  
7.92001e+07  1.1e-11  
8.01901e+07  1.1e-11  
8.11801e+07  1.1e-11  
8.21701e+07  1.1e-11  
8.31601e+07  1.1e-11  
8.41501e+07  1.1e-11  
8.51401e+07  1.1e-11  
8.61301e+07  1.1e-11  
8.71201e+07  1.1e-11  
8.81101e+07  9.6e-12  
8.91001e+07  9.6e-12  
9.00901e+07  9.6e-12  
9.10801e+07  9.6e-12  
9.20701e+07  9.6e-12  
9.30601e+07  9.6e-12  
9.40501e+07  9.6e-12  
9.50401e+07  9.5e-12  
9.60301e+07  9.5e-12  
9.70201e+07  9.5e-12  
9.80101e+07  9.5e-12  
9.90001e+07  9.3e-12  
9.99901e+07  9.3e-12  
1.9899e+08  7.7e-12  
2.9799e+08  7.5e-12  
3.9699e+08  8e-12  
4.9599e+08  8.5e-12  
5.9499e+08  9e-12  
6.9399e+08  9.5e-12  
7.9299e+08  9.9e-12  
8.9199e+08  1.1e-11  
9.9099e+08  1.1e-11  
1.08999e+09  1.2e-11  
1.18899e+09  1.2e-11  
1.28799e+09  1.2e-11  
1.38699e+09  1.3e-11  
1.48599e+09  1.3e-11  
1.58499e+09  1.3e-11  
1.68399e+09  1.3e-11  
1.78299e+09  1.4e-11  
1.88199e+09  1.4e-11  
1.98099e+09  1.4e-11  
2.07999e+09  1.4e-11  
2.17899e+09  1.5e-11  
2.27799e+09  1.5e-11  
2.37699e+09  1.5e-11  
2.47599e+09  1.5e-11  
2.57499e+09  1.5e-11  
2.67399e+09  1.5e-11  
2.77299e+09  1.6e-11  
2.87199e+09  1.6e-11  
2.97099e+09  1.6e-11  
3.06999e+09  1.6e-11  
3.16899e+09  1.6e-11  
3.26799e+09  1.6e-11  
3.36699e+09  1.6e-11  
3.46599e+09  1.6e-11  
3.56499e+09  1.7e-11  
3.66399e+09  1.7e-11  
3.76299e+09  1.7e-11  
3.86199e+09  1.7e-11  
3.96099e+09  1.7e-11  
4.05999e+09  1.7e-11  
4.15899e+09  1.7e-11  
4.25799e+09  1.7e-11  
4.35699e+09  1.7e-11  
4.45599e+09  1.7e-11  
4.55499e+09  1.7e-11  
4.65399e+09  1.7e-11  
4.75299e+09  1.7e-11  
4.85199e+09  1.8e-11  
4.95099e+09  1.8e-11  
5.04999e+09  1.8e-11  
5.14899e+09  1.8e-11  
5.24799e+09  1.8e-11  
5.34699e+09  1.8e-11  
5.44599e+09  1.8e-11  
5.54499e+09  1.8e-11  
5.64399e+09  1.8e-11  
5.74299e+09  1.8e-11  
5.84199e+09  1.8e-11  
5.94099e+09  1.8e-11  
6.03999e+09  1.8e-11  
6.13899e+09  1.8e-11  
6.23799e+09  1.8e-11  
6.33699e+09  1.8e-11  
6.43599e+09  1.9e-11  
6.53499e+09  1.9e-11  
6.63399e+09  1.9e-11  
6.73299e+09  1.9e-11  
6.83199e+09  1.9e-11  
6.93099e+09  1.9e-11  
7.02999e+09  1.9e-11  
7.12899e+09  1.9e-11  
7.22799e+09  1.9e-11  
7.32699e+09  1.9e-11  
7.42599e+09  1.9e-11  
7.52499e+09  1.9e-11  
7.62399e+09  1.9e-11  
7.72299e+09  1.9e-11  
7.82199e+09  1.9e-11  
7.92099e+09  1.9e-11  
8.01999e+09  1.9e-11  
8.11899e+09  2e-11  
8.21799e+09  2e-11  
8.31699e+09  2e-11  
8.41599e+09  2e-11  
8.51499e+09  2e-11  
8.61399e+09  2e-11  
8.71299e+09  2e-11  
8.81199e+09  2e-11  
8.91099e+09  2e-11  
9.00999e+09  2e-11  
9.10899e+09  2e-11  
9.20799e+09  2e-11  
9.30699e+09  2e-11  
9.40599e+09  2e-11  
9.50499e+09  2e-11  
9.60399e+09  2e-11  
9.70299e+09  2.1e-11  
9.80199e+09  2.1e-11  
9.90099e+09  2.1e-11  
9.99999e+09  2.1e-11  
