0.095  188200    2.86707e+07  1.70127e-05
0.065  198100    2.79451e+07  1.7521e-05
0.042  208000    2.72719e+07  1.93925e-05
0.064  237700    2.55113e+07  1.66023e-05
0.07  247600    2.49961e+07  1.6705e-05
0.029  257500    2.45109e+07  1.88785e-05
0.024  277300    2.36196e+07  1.67619e-05
0.02  287200    2.32089e+07  1.91275e-05
0.029  316900    2.20946e+07  1.55918e-05
0.024  326800    2.17574e+07  1.50299e-05
0.012  336700    2.14351e+07  1.59885e-05
0.0077  346600    2.11268e+07  1.52458e-05
0.034  356500    2.08314e+07  1.53249e-05
0.013  366400    2.0548e+07  1.93586e-05
0.0054  376300    2.02759e+07  1.50841e-05
0.0036  386200    2.00143e+07  1.53463e-05
0.0026  396100    1.97626e+07  1.56185e-05
0.0021  406000    1.95202e+07  1.5832e-05
0.04  415900    1.92865e+07  1.52663e-05
0.008  425800    1.9061e+07  1.5125e-05
0.0017  435700    1.88432e+07  1.75716e-05
0.0012  445600    1.86327e+07  1.57097e-05
0.0009  455500    1.84291e+07  1.51391e-05
0.00063  465400    1.8232e+07  1.51221e-05
0.00055  475300    1.80411e+07  1.5196e-05
0.00048  485200    1.78561e+07  1.5024e-05
0.00039  495100    1.76767e+07  1.51812e-05
0.00028  505000    1.75026e+07  1.52569e-05
0.00025  514900    1.73335e+07  1.55541e-05
0.00017  524800    1.71692e+07  1.51013e-05
0.00016  534700    1.70095e+07  1.57654e-05
0.00014  544600    1.68542e+07  1.5269e-05
0.00011  554500    1.67031e+07  1.57595e-05
9.2e-05  564400    1.65559e+07  1.51176e-05
7.9e-05  574300    1.64126e+07  1.5065e-05
5.5e-05  584200    1.6273e+07  1.51105e-05
3.9e-05  594100    1.61368e+07  1.51125e-05
3.4e-05  604000    1.6004e+07  1.50378e-05
2.7e-05  613900    1.58744e+07  1.5119e-05
2e-05  623800    1.5748e+07  1.50858e-05
1.8e-05  633700    1.56245e+07  1.53415e-05
1.3e-05  643600    1.55038e+07  1.54042e-05
1.1e-05  653500    1.5386e+07  1.51827e-05
9.6e-06  663400    1.52707e+07  1.50381e-05
6.9e-06  673300    1.5158e+07  1.50518e-05
6.3e-06  683200    1.50478e+07  1.50512e-05
5.7e-06  693100    1.494e+07  1.50004e-05
5.3e-06  703000    1.48344e+07  1.50312e-05
4.1e-06  712900    1.4731e+07  1.51066e-05
3.7e-06  722800    1.46298e+07  1.50633e-05
3e-06  732700    1.45306e+07  1.50309e-05
2.5e-06  742600    1.44334e+07  1.50163e-05
2.4e-06  752500    1.43382e+07  1.51886e-05
2.1e-06  762400    1.42448e+07  1.50705e-05
2e-06  772300    1.41532e+07  1.51554e-05
1.5e-06  782200    1.40633e+07  1.505e-05
1.4e-06  792100    1.39752e+07  1.50395e-05
1.4e-06  802000    1.38887e+07  1.53598e-05
1.3e-06  811900    1.38037e+07  1.53785e-05
9e-07  821800    1.37203e+07  1.5011e-05
8.5e-07  831700    1.36384e+07  1.50489e-05
7.9e-07  841600    1.3558e+07  1.50093e-05
7.4e-07  851500    1.34789e+07  1.50045e-05
7e-07  861400    1.34012e+07  1.50439e-05
6.6e-07  871300    1.33249e+07  1.50616e-05
6.2e-07  881200    1.32498e+07  1.5065e-05
4.6e-07  891100    1.3176e+07  1.50535e-05
4.4e-07  901000    1.31034e+07  1.50727e-05
4.2e-07  910900    1.3032e+07  1.50821e-05
4e-07  920800    1.29618e+07  1.50645e-05
3.8e-07  930700    1.28927e+07  1.50473e-05
3.6e-07  940600    1.28246e+07  1.50172e-05
3.5e-07  950500    1.27577e+07  1.51094e-05
3.3e-07  960400    1.26917e+07  1.50566e-05
2.9e-07  970300    1.26268e+07  1.50524e-05
2.8e-07  980200    1.25629e+07  1.51186e-05
3.2e-09  1.9702e+06    8.86119e+06  1.51177e-05
5e-10  2.9602e+06    7.22914e+06  1.5012e-05
2.2e-10  3.9502e+06    6.25803e+06  1.52083e-05
1.1e-10  4.9402e+06    5.59597e+06  1.53032e-05
7e-11  5.9302e+06    5.10755e+06  1.50503e-05
4.6e-11  6.9202e+06    4.72812e+06  1.504e-05
3.7e-11  7.9102e+06    4.42236e+06  1.50877e-05
3.2e-11  8.9002e+06    4.16915e+06  1.50222e-05
2.6e-11  9.8902e+06    3.95498e+06  1.5081e-05
2.3e-11  1.08802e+07    3.77076e+06  1.51723e-05
2.1e-11  1.18702e+07    3.61009e+06  1.51647e-05
1.8e-11  1.28602e+07    3.46835e+06  1.51058e-05
1.7e-11  1.38502e+07    3.3421e+06  1.51805e-05
1.5e-11  1.48402e+07    3.2287e+06  1.50089e-05
1.4e-11  1.58302e+07    3.12611e+06  1.51462e-05
1.3e-11  1.68202e+07    3.03272e+06  1.50577e-05
1.3e-11  1.78102e+07    2.94722e+06  1.53819e-05
1.2e-11  1.88002e+07    2.86857e+06  1.52223e-05
1.1e-11  1.97902e+07    2.7959e+06  1.5135e-05
1.1e-11  2.07802e+07    2.72849e+06  1.53347e-05
9.8e-12  2.17702e+07    2.66573e+06  1.50095e-05
9.5e-12  2.27602e+07    2.60711e+06  1.50341e-05
9.2e-12  2.37502e+07    2.55219e+06  1.50446e-05
8.7e-12  2.47402e+07    2.50061e+06  1.50084e-05
8.5e-12  2.57302e+07    2.45203e+06  1.50432e-05
8.2e-12  2.67202e+07    2.40618e+06  1.50432e-05
8e-12  2.77102e+07    2.3628e+06  1.5057e-05
7.7e-12  2.87002e+07    2.32169e+06  1.50509e-05
7.5e-12  2.96902e+07    2.28266e+06  1.50428e-05
7.3e-12  3.06802e+07    2.24553e+06  1.50265e-05
7.1e-12  3.16702e+07    2.21015e+06  1.50253e-05
7e-12  3.26602e+07    2.1764e+06  1.50591e-05
6.8e-12  3.36502e+07    2.14414e+06  1.50584e-05
6.6e-12  3.46402e+07    2.11328e+06  1.50111e-05
6.5e-12  3.56302e+07    2.08371e+06  1.50288e-05
6.4e-12  3.66202e+07    2.05536e+06  1.50585e-05
6.3e-12  3.76102e+07    2.02812e+06  1.50651e-05
6.2e-12  3.86002e+07    2.00195e+06  1.5068e-05
6e-12  3.95902e+07    1.97676e+06  1.50184e-05
5.9e-12  4.05802e+07    1.9525e+06  1.50123e-05
5.8e-12  4.15702e+07    1.92911e+06  1.50026e-05
5.7e-12  4.25602e+07    1.90654e+06  1.50013e-05
5.7e-12  4.35502e+07    1.88474e+06  1.50669e-05
5.6e-12  4.45402e+07    1.86368e+06  1.5047e-05
5.5e-12  4.55302e+07    1.84331e+06  1.50462e-05
5.4e-12  4.65202e+07    1.82359e+06  1.50195e-05
5.4e-12  4.75102e+07    1.80449e+06  1.50769e-05
5.3e-12  4.85002e+07    1.78598e+06  1.50541e-05
5.2e-12  4.94902e+07    1.76802e+06  1.50186e-05
5.2e-12  5.04802e+07    1.7506e+06  1.50709e-05
5.1e-12  5.14702e+07    1.73368e+06  1.50477e-05
5e-12  5.24602e+07    1.71724e+06  1.50046e-05
5e-12  5.34502e+07    1.70127e+06  1.50517e-05
4.9e-12  5.44402e+07    1.68573e+06  1.50032e-05
4.9e-12  5.54302e+07    1.67061e+06  1.50523e-05
4.9e-12  5.64202e+07    1.65588e+06  1.50967e-05
4.8e-12  5.74102e+07    1.64154e+06  1.50423e-05
4.8e-12  5.84002e+07    1.62757e+06  1.50845e-05
4.7e-12  5.93902e+07    1.61395e+06  1.50253e-05
4.7e-12  6.03802e+07    1.60066e+06  1.50647e-05
4.6e-12  6.13702e+07    1.5877e+06  1.5002e-05
4.6e-12  6.23602e+07    1.57505e+06  1.50394e-05
4.6e-12  6.33502e+07    1.56269e+06  1.50761e-05
4.5e-12  6.43402e+07    1.55062e+06  1.50082e-05
4.5e-12  6.53302e+07    1.53883e+06  1.50427e-05
4.5e-12  6.63202e+07    1.5273e+06  1.50768e-05
4.4e-12  6.73102e+07    1.51603e+06  1.50041e-05
4.4e-12  6.83002e+07    1.505e+06  1.50364e-05
4.4e-12  6.92902e+07    1.49421e+06  1.50682e-05
4.4e-12  7.02802e+07    1.48365e+06  1.50995e-05
4.3e-12  7.12702e+07    1.47331e+06  1.50213e-05
4.3e-12  7.22602e+07    1.46318e+06  1.50505e-05
4.3e-12  7.32502e+07    1.45326e+06  1.50792e-05
4.3e-12  7.42402e+07    1.44354e+06  1.51075e-05
4.2e-12  7.52302e+07    1.43401e+06  1.50237e-05
4.2e-12  7.62202e+07    1.42466e+06  1.50505e-05
4.2e-12  7.72102e+07    1.4155e+06  1.50771e-05
4.2e-12  7.82002e+07    1.40651e+06  1.51032e-05
4.1e-12  7.91902e+07    1.39769e+06  1.50144e-05
4.1e-12  8.01802e+07    1.38904e+06  1.50391e-05
4.1e-12  8.11702e+07    1.38054e+06  1.50634e-05
4.1e-12  8.21602e+07    1.3722e+06  1.50874e-05
4.1e-12  8.31502e+07    1.364e+06  1.51111e-05
4e-12  8.41402e+07    1.35596e+06  1.50172e-05
4e-12  8.51302e+07    1.34805e+06  1.50396e-05
4e-12  8.61202e+07    1.34028e+06  1.50612e-05
4e-12  8.71102e+07    1.33264e+06  1.50828e-05
4e-12  8.81002e+07    1.32513e+06  1.51041e-05
3.9e-12  8.90902e+07    1.31775e+06  1.50052e-05
3.9e-12  9.00802e+07    1.31049e+06  1.50254e-05
3.9e-12  9.10702e+07    1.30334e+06  1.50454e-05
3.9e-12  9.20602e+07    1.29632e+06  1.50651e-05
3.9e-12  9.30502e+07    1.2894e+06  1.50844e-05
3.9e-12  9.40402e+07    1.2826e+06  1.51034e-05
3.9e-12  9.50302e+07    1.2759e+06  1.51223e-05
3.8e-12  9.60202e+07    1.2693e+06  1.50175e-05
3.8e-12  9.70102e+07    1.26281e+06  1.50353e-05
3.8e-12  9.80002e+07    1.25642e+06  1.50529e-05
3.8e-12  9.89902e+07    1.25012e+06  1.50702e-05
3.8e-12  9.99802e+07    1.24391e+06  1.50874e-05
3.1e-12  1.9898e+08    881743  1.50225e-05
2.9e-12  2.9798e+08    720532  1.50253e-05
2.8e-12  3.9698e+08    624255  1.50146e-05
2.8e-12  4.9598e+08    558489  1.51033e-05
2.8e-12  5.9498e+08    509912  1.51605e-05
2.7e-12  6.9398e+08    472142  1.50258e-05
2.7e-12  7.9298e+08    441688  1.5053e-05
2.7e-12  8.9198e+08    416456  1.50734e-05
2.7e-12  9.9098e+08    395106  1.5089e-05
2.7e-12  1.08998e+09    376736  1.51013e-05
2.7e-12  1.18898e+09    360711  1.51113e-05
2.7e-12  1.28798e+09    346571  1.51194e-05
2.7e-12  1.38698e+09    333973  1.51262e-05
2.7e-12  1.48598e+09    322656  1.51317e-05
2.7e-12  1.58498e+09    312417  1.51366e-05
2.7e-12  1.68398e+09    303094  1.51407e-05
2.7e-12  1.78298e+09    294559  1.51444e-05
2.7e-12  1.88198e+09    286707  1.51474e-05
2.7e-12  1.98098e+09    279451  1.51502e-05
2.7e-12  2.07998e+09    272720  1.51526e-05
2.7e-12  2.17898e+09    266452  1.51548e-05
2.7e-12  2.27798e+09    260598  1.51567e-05
2.7e-12  2.37698e+09    255113  1.51584e-05
2.7e-12  2.47598e+09    249961  1.516e-05
2.7e-12  2.57498e+09    245109  1.51613e-05
2.7e-12  2.67398e+09    240529  1.51624e-05
2.7e-12  2.77298e+09    236196  1.51634e-05
2.7e-12  2.87198e+09    232089  1.51643e-05
2.7e-12  2.97098e+09    228190  1.5165e-05
2.7e-12  3.06998e+09    224480  1.51656e-05
2.7e-12  3.16898e+09    220946  1.5166e-05
2.7e-12  3.26798e+09    217573  1.51663e-05
2.7e-12  3.36698e+09    214351  1.51663e-05
2.7e-12  3.46598e+09    211267  1.51662e-05
2.7e-12  3.56498e+09    208313  1.5166e-05
2.7e-12  3.66398e+09    205480  1.51655e-05
2.7e-12  3.76298e+09    202759  1.51649e-05
2.7e-12  3.86198e+09    200143  1.51641e-05
2.7e-12  3.96098e+09    197626  1.51631e-05
2.7e-12  4.05998e+09    195202  1.51618e-05
2.7e-12  4.15898e+09    192864  1.51603e-05
2.7e-12  4.25798e+09    190609  1.51587e-05
2.7e-12  4.35698e+09    188431  1.51568e-05
2.7e-12  4.45598e+09    186326  1.51547e-05
2.7e-12  4.55498e+09    184290  1.51524e-05
2.7e-12  4.65398e+09    182319  1.51498e-05
2.7e-12  4.75298e+09    180411  1.5147e-05
2.7e-12  4.85198e+09    178561  1.51439e-05
2.7e-12  4.95098e+09    176766  1.51407e-05
2.7e-12  5.04998e+09    175025  1.51371e-05
2.7e-12  5.14898e+09    173334  1.51334e-05
2.7e-12  5.24798e+09    171692  1.51294e-05
2.7e-12  5.34698e+09    170095  1.51251e-05
2.7e-12  5.44598e+09    168541  1.51206e-05
2.7e-12  5.54498e+09    167030  1.51159e-05
2.7e-12  5.64398e+09    165559  1.51108e-05
2.7e-12  5.74298e+09    164126  1.51057e-05
2.7e-12  5.84198e+09    162729  1.51002e-05
2.7e-12  5.94098e+09    161367  1.50945e-05
2.7e-12  6.03998e+09    160039  1.50886e-05
2.7e-12  6.13898e+09    158744  1.50825e-05
2.7e-12  6.23798e+09    157479  1.50761e-05
2.7e-12  6.33698e+09    156244  1.50695e-05
2.7e-12  6.43598e+09    155038  1.50626e-05
2.7e-12  6.53498e+09    153859  1.50556e-05
2.7e-12  6.63398e+09    152706  1.50484e-05
2.7e-12  6.73298e+09    151580  1.50409e-05
2.7e-12  6.83198e+09    150477  1.50333e-05
2.7e-12  6.93098e+09    149399  1.50254e-05
2.7e-12  7.02998e+09    148343  1.50174e-05
2.7e-12  7.12898e+09    147310  1.50092e-05
2.7e-12  7.22798e+09    146297  1.50007e-05
2.8e-12  7.32698e+09    145305  1.51648e-05
2.8e-12  7.42598e+09    144334  1.51557e-05
2.8e-12  7.52498e+09    143381  1.51464e-05
2.8e-12  7.62398e+09    142447  1.5137e-05
2.8e-12  7.72298e+09    141531  1.51274e-05
2.8e-12  7.82198e+09    140633  1.51176e-05
2.8e-12  7.92098e+09    139751  1.51077e-05
2.8e-12  8.01998e+09    138886  1.50976e-05
2.8e-12  8.11898e+09    138036  1.50873e-05
2.8e-12  8.21798e+09    137202  1.5077e-05
2.8e-12  8.31698e+09    136383  1.50664e-05
2.8e-12  8.41598e+09    135579  1.50558e-05
2.8e-12  8.51498e+09    134788  1.5045e-05
2.8e-12  8.61398e+09    134012  1.50341e-05
2.8e-12  8.71298e+09    133248  1.50231e-05
2.8e-12  8.81198e+09    132497  1.5012e-05
2.8e-12  8.91098e+09    131759  1.50007e-05
2.9e-12  9.00998e+09    131033  1.51557e-05
2.9e-12  9.10898e+09    130319  1.51439e-05
2.9e-12  9.20798e+09    129617  1.51319e-05
2.9e-12  9.30698e+09    128926  1.51198e-05
2.9e-12  9.40598e+09    128245  1.51077e-05
2.9e-12  9.50498e+09    127576  1.50955e-05
2.9e-12  9.60398e+09    126917  1.50831e-05
2.9e-12  9.70298e+09    126267  1.50707e-05
2.9e-12  9.80198e+09    125628  1.50582e-05
2.9e-12  9.90098e+09    124999  1.50456e-05
2.9e-12  9.99998e+09    124378  1.50329e-05
